da02,1702058401109188,6.1337972,0.79293686,0.61236054,36,886
da02,1702058402109092,6.1283727,0.80953115,0.61626053,33,896
da02,1702058403108968,6.1269546,0.80787987,0.62551105,35,906
da02,1702058404109063,6.1266375,0.8268041,0.61607832,31,916
da02,1702058405109038,6.1211181,0.84145445,0.61212415,32,926
da02,1702058406108307,6.1023784,0.85264528,0.61751395,34,936
da02,1702058407109144,6.1116228,0.84016395,0.65257412,38,946
85ab,1702058407610392,0.96991575,6.2797389,0.36407584,13,951
da02,1702058408109738,6.1292686,0.83515036,0.65471077,33,956
85ab,1702058408609110,0.98518693,6.2920866,0.36467633,13,961
da02,1702058409109128,6.1261897,0.81852484,0.64231938,34,966
85ab,1702058409609150,1.0053748,6.25779,0.36987889,16,971
da02,1702058410109116,6.1399641,0.80788255,0.62976974,32,976
85ab,1702058410609190,1.0110793,6.2454157,0.37874606,15,981
da02,1702058411109177,6.1369619,0.81737542,0.63256603,33,986
85ab,1702058411608338,1.0149853,6.2550359,0.37877306,14,991
da02,1702058412108368,6.1393075,0.81500751,0.65780926,37,996
85ab,1702058412609682,1.0068057,6.2501802,0.37506986,13,1001
da02,1702058413109145,6.1478658,0.79875326,0.67272031,36,1006
85ab,1702058413609196,1.0086091,6.2528448,0.3723976,14,1011
da02,1702058414109174,6.1458111,0.80158252,0.6583907,33,1016
85ab,1702058414609137,0.99472046,6.2295141,0.38085562,14,1021
da02,1702058415109224,6.153738,0.81201977,0.66592991,34,1026
85ab,1702058415609164,0.98939282,6.2311807,0.37963662,13,1031
da02,1702058416109143,6.1676612,0.79635233,0.6757853,35,1036
85ab,1702058416609239,0.98101956,6.2562065,0.37301281,12,1041
da02,1702058417108362,6.1455712,0.81676507,0.64050424,31,1046
85ab,1702058417608354,0.98015708,6.2648015,0.37364867,13,1051
da02,1702058418109693,6.1244073,0.84397686,0.61680365,31,1056
85ab,1702058418609185,0.99089235,6.2444291,0.38612372,15,1061
da02,1702058419109726,6.148262,0.83186042,0.6318211,33,1066
85ab,1702058419609231,0.97925955,6.254425,0.37899455,12,1071
da02,1702058420109190,6.152843,0.81778693,0.64594424,35,1076
85ab,1702058420609190,0.97166204,6.2617931,0.37017766,12,1081
da02,1702058421109239,6.153451,0.82480377,0.63880014,32,1086
85ab,1702058421609214,0.98276436,6.2413378,0.39413309,16,1091
da02,1702058422109229,6.1407576,0.83922076,0.60831743,30,1096
85ab,1702058422608444,0.98259068,6.2422867,0.38978666,13,1101
da02,1702058423108383,6.1407394,0.83599782,0.59705347,31,1106
85ab,1702058423609668,0.97198421,6.2493119,0.37844658,12,1111
da02,1702058424109240,6.1528077,0.82356566,0.63578027,37,1116
85ab,1702058424609199,0.99637556,6.2681317,0.38046259,14,1121
da02,1702058425109192,6.1504273,0.83027256,0.62611121,32,1126
85ab,1702058425609258,0.99025846,6.2808185,0.37368065,12,1131
da02,1702058426109215,6.1542211,0.81556684,0.62043422,32,1136
85ab,1702058426609172,0.97882354,6.2692394,0.36988404,13,1141
da02,1702058427109138,6.1624894,0.80319393,0.65814632,38,1146
85ab,1702058427609242,0.97129488,6.2798038,0.36511859,12,1151
da02,1702058428108447,6.1637983,0.79794174,0.63551682,31,1156
85ab,1702058428608376,0.96890533,6.2809563,0.3651323,12,1161
da02,1702058429109768,6.1444807,0.79580021,0.6141206,32,1166
85ab,1702058429609247,0.98625773,6.2752252,0.36940295,14,1171
da02,1702058430109788,6.1280241,0.80973417,0.58351392,30,1176
85ab,1702058430609252,0.96999741,6.2721877,0.3630988,12,1181
da02,1702058431109266,6.1429219,0.79859787,0.61383009,35,1186
85ab,1702058431609268,0.96066427,6.2637382,0.36703697,13,1191
da02,1702058432109333,6.1338305,0.8140772,0.5976972,31,1196
85ab,1702058432609317,0.97389615,6.2960086,0.3642323,12,1201
da02,1702058433109334,6.1636796,0.79677474,0.6406619,36,1206
85ab,1702058433608516,0.9834944,6.3001757,0.36522898,13,1211
da02,1702058434108481,6.157784,0.80644882,0.60664666,29,1216
85ab,1702058434609792,0.99284524,6.2886558,0.37182069,14,1221
da02,1702058435109378,6.15342,0.80263513,0.60351741,32,1226
85ab,1702058435609364,0.97599477,6.2756729,0.37161344,13,1231
da02,1702058436109342,6.1660919,0.80865717,0.62861574,34,1236
85ab,1702058436609374,0.97788984,6.2969995,0.36252743,11,1241
da02,1702058437109354,6.1681671,0.80933672,0.64565182,35,1246
85ab,1702058437609269,0.97848177,6.2658119,0.38213524,15,1251
da02,1702058438109339,6.1728549,0.80624765,0.65090251,34,1256
85ab,1702058438609438,0.97792095,6.2465696,0.38658109,14,1261
da02,1702058439108558,6.1706419,0.813693,0.64445841,32,1266
85ab,1702058439608553,0.966607,6.2613745,0.37902847,12,1271
da02,1702058440109866,6.1684542,0.80995154,0.65398657,35,1276
85ab,1702058440609273,0.97080326,6.2626362,0.37948048,13,1281
da02,1702058441109976,6.1673765,0.81536758,0.65439332,33,1286
85ab,1702058441609381,0.97831756,6.2690783,0.375947,13,1291
da02,1702058442109285,6.1720643,0.80653912,0.65909648,34,1296
85ab,1702058442609446,0.97789627,6.2632284,0.36875749,13,1301
da02,1702058443109386,6.1636567,0.81423539,0.6194151,29,1306
85ab,1702058443609408,0.97527611,6.2559013,0.37549186,14,1311
da02,1702058444109438,6.1582823,0.81923842,0.6269806,34,1316
85ab,1702058444608592,0.98129582,6.2520895,0.37817085,14,1321
da02,1702058445109491,6.15725,0.83048344,0.59494865,28,1326
85ab,1702058445609968,0.9979701,6.2387719,0.38479912,15,1331
da02,1702058446109402,6.137898,0.84572303,0.60097277,33,1336
85ab,1702058446609311,0.99033153,6.227541,0.39119127,14,1341
da02,1702058447109439,6.1368394,0.83230847,0.64198822,38,1346
85ab,1702058447609370,0.9820978,6.245141,0.38311538,12,1351
da02,1702058448109253,6.15073,0.82304054,0.64841843,34,1356
85ab,1702058448609468,0.98420781,6.265543,0.37982038,12,1361
da02,1702058449109429,6.1557288,0.81643146,0.62427938,30,1366
85ab,1702058449609456,0.98621172,6.2522016,0.38178533,14,1371
da02,1702058450108600,6.1560493,0.81981778,0.6028387,30,1376
85ab,1702058450608575,0.99380744,6.2560434,0.38257939,14,1381
da02,1702058451109898,6.1534281,0.809265,0.635718,37,1386
85ab,1702058451609480,0.97163087,6.2507963,0.37636295,12,1391
da02,1702058452109980,6.1797295,0.78610569,0.67976886,38,1396
85ab,1702058452609421,0.96332049,6.2665048,0.37401408,12,1401
da02,1702058453109493,6.1733141,0.80910683,0.65503359,30,1406
85ab,1702058453609432,0.9594242,6.2586331,0.36373737,13,1411
da02,1702058454109455,6.1718245,0.78928959,0.6634534,36,1416
85ab,1702058454609486,0.95130324,6.252739,0.36451751,13,1421
da02,1702058455108590,6.1680307,0.80634409,0.64644,31,1426
85ab,1702058455609455,0.95174104,6.2629113,0.36299941,12,1431
da02,1702058456110047,6.1682549,0.80692083,0.65828043,35,1436
85ab,1702058456609451,0.948847,6.2602887,0.35986245,12,1
da02,1702058457109320,6.1789989,0.79190069,0.65495259,33,6
85ab,1702058457609534,0.95428067,6.25608,0.36159405,13,11
da02,1702058458109462,6.1704459,0.79298383,0.6720019,37,16
85ab,1702058458609327,0.94014394,6.2685075,0.35665682,11,21
da02,1702058459109570,6.1677394,0.79704356,0.64233351,30,26
85ab,1702058459609462,0.94525361,6.2591653,0.35646969,13,31
da02,1702058460109528,6.1521306,0.80343908,0.64115369,34,36
85ab,1702058460608701,0.96880347,6.2367334,0.3714987,16,41
da02,1702058461109516,6.1387892,0.82217491,0.62179655,31,46
85ab,1702058461609940,0.97216922,6.2488103,0.3654488,13,51
da02,1702058462109529,6.1486292,0.80171967,0.64862436,37,56
85ab,1702058462609482,0.96776557,6.2618041,0.36193946,12,61
da02,1702058463110044,6.142415,0.79818863,0.63332927,33,66
85ab,1702058463609545,0.96588409,6.2533007,0.36877263,13,71
da02,1702058464109503,6.1376581,0.80697858,0.63815176,34,76
85ab,1702058464609497,0.96484721,6.2757845,0.36327362,12,81
da02,1702058465109543,6.1373076,0.80789268,0.66629356,37,86
85ab,1702058465609674,0.97131491,6.2569628,0.37163696,14,91
da02,1702058466108645,6.1356878,0.79332244,0.68041295,38,96
85ab,1702058466609997,0.973675,6.2531657,0.37036005,13,101
da02,1702058467109705,6.1443877,0.77762234,0.677009,35,106
85ab,1702058467609447,0.97028166,6.2671518,0.37223533,12,111
da02,1702058468109495,6.1568794,0.79358166,0.64553708,29,116
85ab,1702058468609507,0.96204048,6.2731729,0.36195683,12,121
da02,1702058469109502,6.1404057,0.81478179,0.62675673,32,126
85ab,1702058469609557,0.95326543,6.2726083,0.36012313,12,131
da02,1702058470109518,6.1444092,0.82124513,0.64488947,35,136
85ab,1702058470609528,0.94970387,6.286901,0.34479007,11,141
da02,1702058471109573,6.1515651,0.81328511,0.61887103,30,146
85ab,1702058471608682,0.95842224,6.2985229,0.35523844,12,151
da02,1702058472110000,6.13843,0.81725121,0.60764,32,156
85ab,1702058472609519,0.97259951,6.2737417,0.36809295,15,161
da02,1702058473109552,6.1431284,0.8084603,0.63715893,37,166
85ab,1702058473609514,0.96330476,6.2744021,0.37317845,12,171
da02,1702058474109953,6.1538639,0.79357797,0.65111053,35,176
85ab,1702058474609543,0.95673335,6.2743635,0.37200087,12,181
da02,1702058475109526,6.1456714,0.81393719,0.61934322,29,186
85ab,1702058475609588,0.9616096,6.2618852,0.37570557,14,191
da02,1702058476109544,6.1319981,0.8232348,0.592835,30,196
85ab,1702058476609564,0.96026647,6.2755871,0.36325496,12,201
da02,1702058477108700,6.1404467,0.80136436,0.60800242,35,206
85ab,1702058477608976,0.96093726,6.2608409,0.37648857,14,211
da02,1702058478109488,6.1587124,0.80838454,0.63189381,34,216
85ab,1702058478609563,0.95499206,6.2810221,0.36522296,11,221
da02,1702058479109566,6.1394229,0.82746118,0.617633,32,226
85ab,1702058479609563,0.96063644,6.2867975,0.36671382,13,231
da02,1702058480109563,6.1306915,0.82221884,0.62767631,35,236
85ab,1702058480609574,0.96923673,6.2864914,0.36728275,13,241
da02,1702058481109576,6.1232123,0.83146942,0.6385482,35,246
85ab,1702058481609600,0.96163458,6.2659578,0.36447209,13,251
da02,1702058482109579,6.1115484,0.84170353,0.61743915,31,256
85ab,1702058482609057,0.95545185,6.27829,0.36613461,12,261
da02,1702058483108726,6.1247172,0.83586675,0.63369578,34,266
85ab,1702058483609595,0.96243685,6.2674809,0.37252545,14,271
da02,1702058484109590,6.1215663,0.84603387,0.61478132,31,276
85ab,1702058484609584,0.95866865,6.2686272,0.36746687,12,281
da02,1702058485110151,6.1317749,0.84732288,0.61774683,32,286
85ab,1702058485609593,0.95070571,6.2772045,0.36562604,12,291
da02,1702058486109588,6.1277781,0.83741039,0.64530545,37,296
85ab,1702058486609600,0.95738441,6.2728066,0.37472627,13,301
da02,1702058487109527,6.1390352,0.82021672,0.66051346,36,306
85ab,1702058487610038,0.96360493,6.2995687,0.36073214,11,311
da02,1702058488108745,6.1297917,0.84592605,0.62116325,29,316
85ab,1702058488608754,0.97427744,6.3056474,0.36640584,13,321
da02,1702058489109618,6.1329985,0.840551,0.61574185,32,326
85ab,1702058489609612,0.98340464,6.3100877,0.3671895,13,331
da02,1702058490109593,6.130446,0.83317292,0.60642022,32,336
85ab,1702058490609610,0.97473073,6.299171,0.36675331,13,341
da02,1702058491109640,6.133831,0.81176782,0.62574613,36,346
85ab,1702058491609605,0.96826541,6.2541952,0.37609762,15,351
da02,1702058492109605,6.1122131,0.81166869,0.58675635,30,356
85ab,1702058492610110,0.9738335,6.2520638,0.38123471,14,361
da02,1702058493109628,6.1091194,0.80902183,0.57748479,32,366
85ab,1702058493608797,0.98957604,6.2494912,0.3840709,14,371
da02,1702058494108776,6.1162853,0.80333591,0.61109,36,376
85ab,1702058494609644,0.98332608,6.267673,0.37798369,12,381
da02,1702058495109614,6.1175885,0.80681819,0.610335,33,386
85ab,1702058495609644,0.9868077,6.2667923,0.36431357,13,391
da02,1702058496110544,6.1347237,0.79675925,0.62466711,34,396
85ab,1702058496609632,0.98016566,6.263751,0.36820212,13,401
da02,1702058497109639,6.1350746,0.81441748,0.617921,32,406
85ab,1702058497610106,0.97697818,6.2585282,0.37428579,13,411
da02,1702058498109676,6.1208549,0.81962043,0.61068177,33,416
85ab,1702058498609746,1.0025904,6.2473598,0.38168481,15,421
da02,1702058499108815,6.1214757,0.84278369,0.57982332,28,426
85ab,1702058499608770,0.98987073,6.244565,0.37786207,13,431
da02,1702058500109663,6.1285453,0.83280945,0.58420563,32,436
85ab,1702058500609640,0.96795934,6.2676792,0.36298093,11,441
da02,1702058501109654,6.1226492,0.83922654,0.59332627,33,446
85ab,1702058501609676,0.96318686,6.2460227,0.36718547,14,451
da02,1702058502109665,6.1220903,0.84532928,0.61720854,35,456
85ab,1702058502610166,0.97793889,6.2410474,0.37864324,15,461
da02,1702058503109676,6.1229858,0.842781,0.62410855,34,466
85ab,1702058503609665,0.96985346,6.2550931,0.37914425,12,471
da02,1702058504109721,6.1230865,0.83034086,0.62693471,34,476
85ab,1702058504608849,0.9948529,6.2404752,0.39468047,16,481
da02,1702058505108814,6.1263585,0.84504229,0.60284644,29,486
85ab,1702058505609672,1.0168597,6.2441397,0.40454951,15,491
da02,1702058506109696,6.1323261,0.83352429,0.63365221,36,496
85ab,1702058506609669,0.99745303,6.2372289,0.38333663,13,501
da02,1702058507110243,6.1361084,0.8276608,0.62742108,32,506
85ab,1702058507609691,0.99581981,6.2290111,0.38227007,14,511
da02,1702058508110130,6.13802,0.82662952,0.63310671,34,516
85ab,1702058508609716,0.98270959,6.2394967,0.36644891,12,521
da02,1702058509109698,6.1357822,0.81668568,0.64161503,35,526
85ab,1702058509609724,0.98297733,6.2606421,0.35742512,12,531
da02,1702058510108924,6.1287289,0.82532567,0.64159828,34,536
85ab,1702058510608843,0.98632103,6.2632103,0.36437887,13,541
da02,1702058511109690,6.137218,0.82183808,0.65797275,35,546
85ab,1702058511609724,0.98963147,6.2440491,0.37069714,15,551
da02,1702058512109703,6.1345444,0.82584828,0.632254,31,556
85ab,1702058512609712,0.99249279,6.2708783,0.36050898,12,561
da02,1702058513110190,6.1333909,0.81590033,0.64563864,36,566
85ab,1702058513609720,0.99604034,6.2580132,0.36695597,14,571
da02,1702058514109700,6.1418,0.82227325,0.63560194,31,576
85ab,1702058514609790,0.98353708,6.2394624,0.36824495,14,581
da02,1702058515108883,6.1357517,0.82996714,0.633431,33,586
85ab,1702058515609719,0.98678857,6.244946,0.36927077,13,591
da02,1702058516109711,6.1294322,0.83887023,0.63147557,33,596
85ab,1702058516609742,0.98994279,6.2287025,0.37826803,15,601
da02,1702058517109716,6.1359797,0.8072,0.65483958,38,606
85ab,1702058517609783,0.97929806,6.2508278,0.36816379,12,611
da02,1702058518110729,6.125802,0.82466525,0.60688943,28,616
85ab,1702058518609732,0.97060323,6.25347,0.36344391,12,621
da02,1702058519109766,6.1292248,0.835401,0.58799148,29,626
85ab,1702058519609750,0.96701169,6.2445359,0.3622705,13,631
da02,1702058520109763,6.1434069,0.81613421,0.62338704,36,636
85ab,1702058520608900,0.96460795,6.2747521,0.35630465,11,641
da02,1702058521109806,6.1587873,0.81184322,0.63705176,34,646
85ab,1702058521609751,0.95854151,6.2667851,0.35166556,12,651
da02,1702058522111278,6.1470346,0.795016,0.64577013,36,656
85ab,1702058522609774,0.95971531,6.2730284,0.35327357,12,661
da02,1702058523110220,6.15618,0.8086133,0.6379382,31,666
85ab,1702058523609822,0.94998944,6.2654371,0.36875114,13,671
da02,1702058524109758,6.1308756,0.82316911,0.62603116,33,676
85ab,1702058524609759,0.93955535,6.2468295,0.36357981,13,681
da02,1702058525109808,6.1307645,0.82908618,0.60842484,31,686
85ab,1702058525609828,0.9425559,6.2465396,0.36746964,13,691
da02,1702058526108920,6.1208878,0.81897062,0.59733993,33,696
85ab,1702058526608922,0.95525706,6.2478576,0.37590745,14,701
da02,1702058527109985,6.1170325,0.83632815,0.58374661,30,706
85ab,1702058527609674,0.95517284,6.2473125,0.36635315,13,711
da02,1702058528110155,6.1202183,0.80904627,0.59524381,35,716
85ab,1702058528609776,0.95794088,6.2429924,0.36715487,13,721
da02,1702058529110319,6.1215816,0.81445163,0.60714686,34,726
85ab,1702058529609646,0.958142,6.2351508,0.37533268,14,731
da02,1702058530109792,6.1332116,0.80549896,0.63728583,36,736
85ab,1702058530609786,0.97210872,6.2234373,0.38554153,15,741
da02,1702058531109648,6.12979,0.8127014,0.65370661,36,746
85ab,1702058531608977,0.96337062,6.234889,0.37770256,12,751
da02,1702058532109762,6.1313725,0.81654793,0.66324431,35,756
85ab,1702058532609785,0.96885234,6.236465,0.37142554,13,761
da02,1702058533110297,6.1294723,0.8070544,0.64339513,33,766
85ab,1702058533609798,0.97140592,6.2484522,0.37179023,13,771
da02,1702058534109675,6.1355715,0.81050146,0.64097834,33,776
85ab,1702058534609807,0.95339173,6.234241,0.36890632,13,781
da02,1702058535109802,6.1313906,0.803675,0.60447133,30,786
85ab,1702058535609840,0.9490394,6.236402,0.3606548,12,791
da02,1702058536109824,6.124208,0.81564689,0.59054613,31,796
85ab,1702058536609840,0.95225585,6.2673955,0.35197735,11,801
da02,1702058537108970,6.1240025,0.82675821,0.60905743,34,806
85ab,1702058537608950,0.96435845,6.2682753,0.36079073,13,811
da02,1702058538110226,6.1292915,0.82661772,0.61279291,33,816
85ab,1702058538609713,0.97235686,6.2870159,0.36114624,12,821
da02,1702058539109798,6.1440692,0.8343181,0.617937,32,826
85ab,1702058539609832,0.97229016,6.2757053,0.36152413,13,831
da02,1702058540110263,6.1490526,0.8212986,0.61411446,32,836
85ab,1702058540609865,0.97548854,6.2807169,0.35875809,13,841
da02,1702058541109814,6.1518483,0.82164603,0.62435949,34,846
85ab,1702058541609869,0.9764787,6.2949648,0.35015294,12,851
da02,1702058542109842,6.1518993,0.8230105,0.618039,32,856
85ab,1702058542609016,0.97538155,6.3030858,0.34631836,12,861
da02,1702058543108995,6.1417012,0.81664276,0.609261,33,866
85ab,1702058543610354,0.97734421,6.2828631,0.36286941,14,871
da02,1702058544109848,6.1512413,0.80811894,0.62037218,34,876
85ab,1702058544609714,0.97857481,6.2800279,0.36008528,13,881
da02,1702058545109864,6.1471968,0.81554252,0.62635988,34,886
85ab,1702058545609846,0.98166114,6.29487,0.35362443,12,891
da02,1702058546109880,6.1484108,0.81955147,0.620015,32,896
85ab,1702058546609861,0.98651505,6.2886109,0.35407054,13,901
da02,1702058547109776,6.1464915,0.81362152,0.63016319,35,906
85ab,1702058547609740,0.98615718,6.272429,0.35924786,14,911
da02,1702058548109010,6.1515079,0.8008213,0.65153611,36,916
85ab,1702058548608992,0.97717017,6.2637854,0.36206746,13,921
da02,1702058549110329,6.1495695,0.78964967,0.64423859,34,926
85ab,1702058549609884,0.96679169,6.2499123,0.36659008,13,931
da02,1702058550109868,6.1474032,0.79910409,0.668338,37,936
85ab,1702058550609872,0.97563529,6.249136,0.37263751,14,941
da02,1702058551110437,6.1444893,0.82411629,0.66590029,33,946
85ab,1702058551609878,0.97691536,6.2721219,0.36311254,12,951
da02,1702058552109886,6.1544976,0.80575114,0.67155308,35,956
85ab,1702058552609890,0.99299163,6.2428679,0.37726679,16,961
da02,1702058553110140,6.1592741,0.80405593,0.67996377,35,966
85ab,1702058553609069,0.97655767,6.2239351,0.37283817,13,971
da02,1702058554109054,6.1453776,0.79791093,0.66360337,34,976
85ab,1702058554610388,0.97285241,6.2537608,0.36632279,12,981
da02,1702058555109902,6.1466427,0.80901277,0.6478259,32,986
85ab,1702058555609902,1.0362303,6.1907682,0.24311435,66,991
da02,1702058556109888,6.1504369,0.80078417,0.6460312,34,996
85ab,1702058556609910,1.0259322,6.2337403,0.26864356,12,1001
da02,1702058557109914,6.1288776,0.83754838,0.599985,28,1006
85ab,1702058557609912,1.0103025,6.2526345,0.28563362,12,1011
da02,1702058558109940,6.1291447,0.83786082,0.59923023,32,1016
85ab,1702058558609946,1.0024542,6.2416854,0.31808591,14,1021
da02,1702058559109093,6.1250424,0.83406907,0.59902543,33,1026
85ab,1702058559609070,0.99519312,6.2414279,0.33216763,13,1031
da02,1702058560110390,6.1271567,0.83976012,0.59160775,31,1036
85ab,1702058560609931,0.97884554,6.2447281,0.34078917,12,1041
da02,1702058561109918,6.1309075,0.82268256,0.599538,34,1046
85ab,1702058561609954,0.97022444,6.2614202,0.34282979,12,1051
da02,1702058562110477,6.1358805,0.82068193,0.58557945,30,1056
85ab,1702058562609924,0.98036486,6.2410579,0.36195615,15,1061
da02,1702058563109914,6.1391592,0.82299393,0.56771666,29,1066
85ab,1702058563609936,0.96486211,6.2517676,0.35417995,12,1071
da02,1702058564109970,6.138413,0.82274073,0.55136836,29,1076
85ab,1702058564609132,0.96441704,6.2675333,0.35730889,12,1081
da02,1702058565109080,6.1361327,0.8303178,0.56771618,33,1086
85ab,1702058565610414,0.96591461,6.26165,0.36365354,13,1091
da02,1702058566109954,6.1294417,0.84037489,0.55875766,30,1096
85ab,1702058566609940,0.97357172,6.2503967,0.36975184,14,1101
da02,1702058567109956,6.1467395,0.83405459,0.5933032,34,1106
85ab,1702058567609952,0.98072034,6.2383404,0.37903169,15,1111
da02,1702058568109954,6.1362805,0.83654493,0.56807405,29,1116
85ab,1702058568609980,0.97485369,6.2276325,0.38692603,14,1121
da02,1702058569109954,6.1428757,0.81801391,0.60583812,36,1126
85ab,1702058569609976,0.98306382,6.2162557,0.38458353,15,1131
da02,1702058570109274,6.139864,0.80203915,0.63553482,38,1136
85ab,1702058570609117,0.97589922,6.2206717,0.38591254,13,1141
da02,1702058571110450,6.1384296,0.8155356,0.61554849,30,1146
85ab,1702058571609972,0.9647494,6.2209187,0.38279894,13,1151
da02,1702058572109996,6.13712,0.82491392,0.61501044,32,1156
85ab,1702058572609964,0.966636,6.2304764,0.37227628,13,1161
da02,1702058573110506,6.1491041,0.81715959,0.60236716,30,1166
85ab,1702058573609982,0.96073025,6.2442508,0.36570624,12,1171
da02,1702058574110061,6.1481175,0.82053661,0.60825628,33,1176
85ab,1702058574609852,0.95803255,6.2642708,0.36776572,12,1181
da02,1702058575109135,6.1619077,0.80445379,0.6280762,35,1186
85ab,1702058575609926,0.97671294,6.2765317,0.36349067,13,1191
da02,1702058576109919,6.1685491,0.81659883,0.63701713,33,1196
85ab,1702058576610386,0.97076315,6.2775006,0.36728549,13,1201
da02,1702058577109945,6.1555915,0.8316896,0.66081119,36,1206
85ab,1702058577609924,0.96484309,6.2865329,0.36814535,12,1211
da02,1702058578109934,6.1487813,0.82632226,0.66834676,36,1216
85ab,1702058578609934,0.96727824,6.2715631,0.37784684,14,1221
da02,1702058579109933,6.1666994,0.7929675,0.70712835,40,1226
85ab,1702058579609954,0.97201318,6.2662091,0.38166067,14,1231
da02,1702058580109971,6.1662436,0.79904795,0.6892876,33,1236
85ab,1702058580609136,0.97701859,6.2550716,0.38636056,14,1241
da02,1702058581109997,6.1672421,0.80762309,0.67002267,32,1246
85ab,1702058581609939,0.9841125,6.2497854,0.382188,14,1251
da02,1702058582110411,6.1495643,0.81590515,0.64148682,32,1256
85ab,1702058582609956,0.97519845,6.28133,0.37744597,11,1261
da02,1702058583109962,6.1557136,0.81355178,0.63052118,32,1266
85ab,1702058583609969,0.96459883,6.2537761,0.37994254,14,1271
da02,1702058584110554,6.1340337,0.82077056,0.63265222,35,1276
85ab,1702058584609958,0.95589983,6.2439356,0.38015661,13,1281
da02,1702058585109965,6.1458726,0.81297255,0.63186812,33,1286
85ab,1702058585609999,0.95777828,6.2433953,0.37482303,13,1291
da02,1702058586109160,6.1463184,0.81113726,0.63368183,34,1296
85ab,1702058586609984,0.95941317,6.2531781,0.38223898,13,1301
da02,1702058587110673,6.1568074,0.79577821,0.61458516,31,1306
85ab,1702058587609918,0.9736594,6.2738385,0.38144803,13,1311
da02,1702058588109980,6.1664867,0.79029089,0.62820333,34,1316
85ab,1702058588609985,0.97138858,6.2612109,0.38428748,14,1321
da02,1702058589109994,6.1766648,0.7851373,0.64357674,34,1326
85ab,1702058589609995,0.97053039,6.2517304,0.37600139,13,1331
da02,1702058590110003,6.1656909,0.794509,0.64424914,34,1336
85ab,1702058590609997,0.98811471,6.2504997,0.38429293,15,1341
da02,1702058591110026,6.1522927,0.81293738,0.64117891,33,1346
85ab,1702058591609182,0.97726065,6.2587132,0.36975837,12,1351
da02,1702058592110019,6.1413321,0.81989545,0.62519884,32,1356
85ab,1702058592610509,0.97559094,6.2706532,0.36380884,12,1361
da02,1702058593110015,6.1419859,0.83065575,0.61616868,31,1366
85ab,1702058593609994,0.96669579,6.27522,0.3614251,12,1371
da02,1702058594110002,6.128264,0.82577235,0.59843457,32,1376
85ab,1702058594610014,0.97199696,6.2706418,0.36355361,13,1381
da02,1702058595110578,6.1275692,0.82456422,0.58126205,30,1386
85ab,1702058595610016,0.98457509,6.2447996,0.38029727,16,1391
da02,1702058596110032,6.1370773,0.8067717,0.58503258,32,1396
85ab,1702058596610044,0.99433959,6.2409625,0.37606147,14,1401
da02,1702058597109182,6.1413312,0.806997,0.61210078,35,1406
85ab,1702058597609214,0.994944,6.2191877,0.3809104,15,1411
da02,1702058598110504,6.1499391,0.80754548,0.61002964,32,1416
85ab,1702058598610026,0.98993689,6.238749,0.37336814,12,1421
da02,1702058599111592,6.1538086,0.81310439,0.60637808,31,1426
85ab,1702058599610022,1.00058,6.2586555,0.37130928,13,1431
da02,1702058600110048,6.1390748,0.83490664,0.58760148,30,1436
85ab,1702058600610054,1.0098089,6.2337208,0.37845775,16,1
da02,1702058601110030,6.1525736,0.83045721,0.62294108,35,6
85ab,1702058601610053,0.99086636,6.2525682,0.37547511,12,11
da02,1702058602110053,6.1355438,0.8356846,0.62447864,34,16
85ab,1702058602609249,0.99439412,6.2571549,0.37891403,14,21
da02,1702058603109222,6.1425223,0.82159716,0.64644694,36,26
85ab,1702058603610536,0.98985523,6.2737184,0.37264937,12,31
da02,1702058604110048,6.1520548,0.8239342,0.65818065,34,36
85ab,1702058604610058,0.98617029,6.26377,0.3684774,13,41
da02,1702058605110076,6.1391463,0.84708858,0.64018261,31,46
85ab,1702058605610073,0.97646868,6.2346649,0.37575957,14,51
da02,1702058606110642,6.1395311,0.85084468,0.62476844,31,56
85ab,1702058606610072,0.97678685,6.2372818,0.37551886,13,61
da02,1702058607110030,6.1460986,0.83452016,0.64515805,36,66
85ab,1702058607610104,0.97047949,6.2393789,0.37642393,13,71
da02,1702058608109255,6.1515331,0.81628942,0.68066323,39,76
85ab,1702058608609236,0.97304851,6.2579951,0.36802304,12,81
da02,1702058609110532,6.1516204,0.81771237,0.6329124,28,86
85ab,1702058609610084,0.98037857,6.2799039,0.36173683,12,91
da02,1702058610110078,6.1543865,0.80380583,0.64622766,35,96
85ab,1702058610610108,0.98503536,6.2849488,0.37090078,13,101
da02,1702058611110106,6.1300526,0.8255254,0.62126219,31,106
85ab,1702058611610101,0.98758733,6.2883582,0.36536792,13,111
da02,1702058612110460,6.1353173,0.82166755,0.60931945,31,116
85ab,1702058612610106,0.9851743,6.2931771,0.35856926,12,121
da02,1702058613110115,6.141964,0.81375682,0.63491625,36,126
85ab,1702058613609292,0.9943375,6.2808828,0.366064,14,131
da02,1702058614109274,6.1380596,0.81440461,0.63194376,33,136
85ab,1702058614610581,0.98899591,6.3027868,0.36992043,12,141
da02,1702058615110119,6.1449819,0.81396753,0.66181242,37,146
85ab,1702058615610133,0.97491318,6.2822237,0.37373963,13,151
da02,1702058616110123,6.1566181,0.80177289,0.67170125,35,156
85ab,1702058616610130,0.9834621,6.2874017,0.37950093,13,161
da02,1702058617110698,6.1610379,0.80185074,0.66072738,33,166
85ab,1702058617610136,0.98602957,6.2748756,0.37811792,14,171
da02,1702058618110117,6.1680679,0.78438121,0.66966903,36,176
85ab,1702058618610161,0.9824245,6.2782116,0.38237023,13,181
da02,1702058619109320,6.1694527,0.79911882,0.67524284,34,186
85ab,1702058619609319,0.97470772,6.282433,0.37742507,12,191
da02,1702058620110629,6.1591353,0.80186713,0.67094404,35,196
85ab,1702058620610145,0.96058416,6.29083,0.36719698,11,201
da02,1702058621110120,6.1425118,0.80822039,0.64160115,32,206
85ab,1702058621610162,0.95907676,6.2967105,0.36218351,12,211
da02,1702058622110138,6.1263027,0.81951851,0.62232471,32,216
85ab,1702058622610154,0.96336722,6.3033853,0.36010149,12,221
da02,1702058623110160,6.1155248,0.8262983,0.59624171,30,226
85ab,1702058623610184,0.96733713,6.3155046,0.35407624,12,231
da02,1702058624110362,6.1225309,0.80759668,0.59433132,33,236
85ab,1702058624609542,0.9828766,6.3023973,0.36370611,14,241
da02,1702058625109318,6.1514072,0.787312,0.64446944,38,246
85ab,1702058625610672,0.97650665,6.271101,0.37310642,14,251
da02,1702058626110152,6.1424603,0.78085369,0.64071125,35,256
85ab,1702058626610174,0.97512949,6.2504978,0.36837727,14,261
da02,1702058627110163,6.1645436,0.78030056,0.64889497,33,266
85ab,1702058627610190,0.9782759,6.243288,0.37590092,14,271
da02,1702058628110700,6.164258,0.79224724,0.6536175,34,276
85ab,1702058628610189,0.9763087,6.2312045,0.38203162,14,281
da02,1702058629110172,6.1555114,0.79436159,0.67503792,37,286
85ab,1702058629610187,0.98965609,6.2143416,0.3820366,15,291
da02,1702058630109632,6.1695881,0.7958498,0.68584347,35,296
85ab,1702058630609324,0.99278361,6.2101874,0.3886604,15,301
da02,1702058631110140,6.1767216,0.79203314,0.70965737,37,306
85ab,1702058631610181,0.98610604,6.2152872,0.38786376,13,311
da02,1702058632110102,6.1763248,0.80772316,0.6996327,33,316
85ab,1702058632610189,0.9923858,6.2307539,0.37896025,13,321
da02,1702058633110096,6.178761,0.80088305,0.70121276,35,326
85ab,1702058633610208,0.98580772,6.2566037,0.37207156,12,331
da02,1702058634110192,6.1654196,0.80721968,0.67803484,33,336
85ab,1702058634610349,0.99097514,6.2699089,0.37200511,13,341
da02,1702058635109322,6.1811638,0.79964536,0.67881775,33,346
85ab,1702058635610132,0.97496641,6.2859697,0.36265948,11,351
da02,1702058636110124,6.1645427,0.803821,0.6674186,34,356
85ab,1702058636610132,0.97956496,6.26183,0.37798849,15,361
da02,1702058637110082,6.1640077,0.80448872,0.65243316,32,366
85ab,1702058637610089,0.99092251,6.2712746,0.38212961,13,371
da02,1702058638110134,6.1485834,0.81533992,0.63735628,32,376
85ab,1702058638610138,0.99954766,6.2489872,0.38747036,15,381
da02,1702058639110668,6.1363568,0.79756171,0.63231212,35,386
85ab,1702058639610204,0.98867506,6.2513866,0.3807472,13,391
da02,1702058640110454,6.1474209,0.79145205,0.64952058,35,396
85ab,1702058640609374,0.98403788,6.2700362,0.38248467,12,401
da02,1702058641110248,6.1355548,0.80326647,0.65947586,36,406
85ab,1702058641610685,0.97779626,6.2697039,0.37381133,12,411
da02,1702058642110178,6.1319089,0.80676526,0.6308068,31,416
85ab,1702058642610240,0.97520113,6.2855148,0.37110952,12,421
da02,1702058643110233,6.1333208,0.81163126,0.63893843,34,426
85ab,1702058643610184,0.97325474,6.2838225,0.37340131,13,431
da02,1702058644110246,6.1353536,0.80519873,0.63990068,34,436
85ab,1702058644610233,0.97556251,6.2919059,0.36043924,12,441
da02,1702058645110190,6.1445146,0.79743916,0.66050452,36,446
85ab,1702058645610267,0.97963917,6.2822981,0.37167245,14,451
da02,1702058646109424,6.1399236,0.80803967,0.68199843,37,456
85ab,1702058646610680,0.98780167,6.2651873,0.37921625,14,461
da02,1702058647110459,6.1552005,0.81349224,0.66900927,32,466
85ab,1702058647610190,0.98919141,6.254024,0.38750425,14,471
da02,1702058648110184,6.1547337,0.81346059,0.68750215,37,476
85ab,1702058648610251,0.98166138,6.2398024,0.38384387,14,481
da02,1702058649110253,6.1563287,0.80113178,0.694288,36,486
85ab,1702058649610203,0.9788478,6.2487049,0.38087916,13,491
da02,1702058650110838,6.1383605,0.8058545,0.67459178,34,496
85ab,1702058650610266,0.98256886,6.2447338,0.37954494,14,501
da02,1702058651110236,6.1442347,0.79974097,0.69122809,37,506
85ab,1702058651609443,0.97339189,6.2263288,0.38293692,14,511
da02,1702058652109727,6.1476784,0.80066544,0.69867575,36,516
85ab,1702058652610190,0.9665978,6.2334104,0.36993209,12,521
da02,1702058653110208,6.1459846,0.79171038,0.70232874,37,526
85ab,1702058653610186,0.96613318,6.2554917,0.36344287,12,531
da02,1702058654110168,6.1537867,0.7978698,0.67175025,31,536
85ab,1702058654610198,0.95194054,6.2899284,0.35412383,11,541
da02,1702058655110215,6.1569862,0.78554678,0.67313725,35,546
85ab,1702058655610329,0.95263684,6.2925138,0.34951311,12,551
da02,1702058656110227,6.145288,0.79594845,0.68024635,36,556
85ab,1702058656610224,0.94700426,6.2671375,0.35143664,13,561
da02,1702058657109701,6.1376152,0.80873114,0.652239,31,566
85ab,1702058657609493,0.96730614,6.2776823,0.35506529,13,571
da02,1702058658110283,6.1297922,0.7953819,0.65782148,36,576
85ab,1702058658610274,0.97644967,6.2738934,0.3574324,13,581
da02,1702058659110312,6.1316,0.80562723,0.68044233,37,586
85ab,1702058659610318,0.97314638,6.2704849,0.36020589,13,591
da02,1702058660110228,6.1291456,0.819545,0.65563667,31,596
85ab,1702058660610334,0.97467154,6.2772217,0.35832107,12,601
da02,1702058661110888,6.1384392,0.84186578,0.65418339,32,606
85ab,1702058661610337,0.98119342,6.2443342,0.36568642,15,611
da02,1702058662111100,6.1436267,0.84397757,0.64463705,32,616
85ab,1702058662609446,0.99358618,6.2351809,0.37309062,15,621
da02,1702058663109454,6.1500998,0.83259279,0.63623178,32,626
85ab,1702058663610360,0.99028981,6.2348657,0.38021123,14,631
da02,1702058664110233,6.1459908,0.8179847,0.66647303,38,636
85ab,1702058664610322,0.97813565,6.2310038,0.37446406,13,641
da02,1702058665110376,6.1500936,0.82517213,0.65602416,32,646
85ab,1702058665610247,0.98241252,6.2366385,0.37175643,13,651
da02,1702058666110272,6.1434169,0.8103776,0.64812845,34,656
85ab,1702058666610293,0.97076148,6.2462006,0.36409041,12,661
da02,1702058667110150,6.1414289,0.79830474,0.66370714,37,666
85ab,1702058667610848,0.97142357,6.2730355,0.3576282,11,671
da02,1702058668109537,6.1353097,0.8055045,0.65509939,34,676
85ab,1702058668609492,0.95049268,6.2825265,0.3456952,11,681
da02,1702058669110334,6.1476197,0.78598785,0.64512509,33,686
85ab,1702058669610384,0.9587633,6.2727585,0.35242435,13,691
da02,1702058670110754,6.149066,0.7991904,0.62813056,31,696
85ab,1702058670610356,0.96388423,6.2891221,0.34932882,12,701
da02,1702058671110378,6.1388531,0.72238576,0.57938796,64,706
85ab,1702058671610431,0.9665978,6.2767234,0.35854647,13,711
da02,1702058672110939,6.151566,0.74901533,0.57511276,30,716
85ab,1702058672610875,0.95923746,6.287262,0.35348132,11,721
da02,1702058673110431,6.1448212,0.75652415,0.60987735,37,726
85ab,1702058673609578,0.9522903,6.2651515,0.35652766,13,731
da02,1702058674109543,6.1456513,0.77640545,0.60896093,32,736
85ab,1702058674610420,0.96583706,6.2966509,0.35431808,12,741
da02,1702058675110374,6.1409307,0.788651,0.62982386,36,746
85ab,1702058675610411,0.95720279,6.2924657,0.35411313,12,751
da02,1702058676111982,6.1446223,0.801641,0.61476511,31,756
85ab,1702058676610448,0.96238589,6.2838573,0.35416359,13,761
da02,1702058677110397,6.1491847,0.80038184,0.60064679,31,766
85ab,1702058677610871,0.97814518,6.2841535,0.35738659,13,771
da02,1702058678110432,6.1471381,0.812433,0.60167265,32,776
85ab,1702058678610462,0.97762769,6.2749486,0.36675814,13,781
da02,1702058679109616,6.1424332,0.82059526,0.59989721,32,786
85ab,1702058679609600,0.98602706,6.2586846,0.36894965,14,791
da02,1702058680110448,6.1405654,0.82359129,0.58318675,30,796
85ab,1702058680610456,0.98066437,6.2711744,0.36770445,12,801
da02,1702058681110422,6.13182,0.82539672,0.58614278,33,806
85ab,1702058681610468,0.97668314,6.2657843,0.36764169,13,811
da02,1702058682110448,6.12435,0.81684607,0.59644824,34,816
85ab,1702058682610922,0.95625407,6.2617416,0.36021304,12,821
da02,1702058683111052,6.1325688,0.80021405,0.61725545,35,826
85ab,1702058683610466,0.97163665,6.2474041,0.37493116,15,831
da02,1702058684110473,6.13598,0.79867709,0.62834233,34,836
85ab,1702058684609655,0.96745753,6.249217,0.36486074,12,841
da02,1702058685109616,6.14945,0.79307377,0.654676,36,846
85ab,1702058685610481,0.96427464,6.2462368,0.3627893,13,851
da02,1702058686110469,6.1502185,0.79492462,0.66225773,35,856
85ab,1702058686610476,0.96834767,6.2352204,0.37131771,14,861
da02,1702058687110542,6.1500239,0.79612124,0.67349374,36,866
85ab,1702058687610974,0.9721545,6.2496448,0.36750096,13,871
da02,1702058688110489,6.158463,0.79272777,0.66771185,33,876
85ab,1702058688610488,0.9721384,6.2623014,0.36143792,12,881
da02,1702058689110488,6.1365342,0.807893,0.651413,33,886
85ab,1702058689610487,0.97316349,6.2696652,0.36204281,13,891
da02,1702058690110740,6.13798,0.79740262,0.624609,31,896
85ab,1702058690609650,0.97098148,6.291996,0.36266467,12,901
da02,1702058691110512,6.1366162,0.79809946,0.61957014,33,906
85ab,1702058691610524,0.98161954,6.2710471,0.36091119,14,911
da02,1702058692110487,6.1584029,0.789611,0.62982,33,916
85ab,1702058692610951,0.99509823,6.27751,0.36132622,13,921
da02,1702058693110489,6.1538043,0.78241509,0.63733912,35,926
85ab,1702058693610500,0.99691588,6.2753091,0.36278424,13,931
da02,1702058694111080,6.1399426,0.7789917,0.64155477,36,936
85ab,1702058694610520,0.98130405,6.2777419,0.35373819,12,941
da02,1702058695109678,6.1427078,0.77813536,0.65669155,36,946
85ab,1702058695610503,0.97597462,6.2924795,0.36160395,12,951
da02,1702058696110509,6.1392274,0.81135893,0.63726193,31,956
85ab,1702058696610506,0.9560675,6.285965,0.35706374,12,961
da02,1702058697110505,6.1444993,0.80541754,0.66258931,37,966
85ab,1702058697610960,0.96299577,6.2718368,0.35814863,13,971
da02,1702058698110554,6.1395578,0.81419265,0.65401649,33,976
85ab,1702058698610512,0.9666822,6.2584558,0.364684,14,981
da02,1702058699110517,6.1412454,0.79909664,0.6599223,36,986
85ab,1702058699610522,0.97057831,6.2617226,0.3614462,13,991
da02,1702058700110541,6.1473842,0.79682863,0.67200208,36,996
85ab,1702058700609681,0.95966882,6.2561736,0.36240876,13,1001
da02,1702058701110541,6.1461487,0.789611,0.69227827,38,1006
85ab,1702058701610534,0.96776026,6.2587352,0.36800045,13,1011
da02,1702058702110540,6.1518335,0.78535235,0.68073034,34,1016
85ab,1702058702611034,0.97799259,6.2582645,0.36007008,13,1021
da02,1702058703110542,6.1339617,0.79467046,0.6317836,30,1026
85ab,1702058703610541,1.0502763,6.2753859,0.39960107,56,1031
da02,1702058704110564,6.1405582,0.78609,0.64735293,36,1036
85ab,1702058704610549,1.0360909,6.2671218,0.39679053,14,1041
da02,1702058705111106,6.1348205,0.80171418,0.64175093,33,1046
85ab,1702058705610590,1.0322926,6.2616243,0.39627156,14,1051
da02,1702058706109714,6.1281805,0.82143635,0.6107735,29,1056
85ab,1702058706610561,0.9994331,6.2694478,0.37740579,11,1061
da02,1702058707110995,6.1420784,0.80503958,0.62603235,34,1066
85ab,1702058707610520,0.99476367,6.2748952,0.3705484,13,1071
da02,1702058708111027,6.1315746,0.80632561,0.61568642,33,1076
85ab,1702058708610562,0.98366725,6.2654953,0.36658323,13,1081
da02,1702058709110571,6.1403275,0.81093216,0.63915855,35,1086
85ab,1702058709610574,0.9865098,6.2592854,0.37099218,14,1091
da02,1702058710110641,6.1525564,0.80010027,0.64895695,34,1096
85ab,1702058710610571,0.969034,6.2537742,0.37402573,13,1101
da02,1702058711110588,6.1442928,0.82175595,0.65683126,34,1106
85ab,1702058711609729,0.97116792,6.2551084,0.37703896,13,1111
da02,1702058712110569,6.1371241,0.83133996,0.66050559,35,1116
85ab,1702058712610574,0.97131276,6.2565255,0.37984776,13,1121
da02,1702058713111053,6.1320024,0.85904139,0.62678266,29,1126
85ab,1702058713610568,0.9678753,6.2521386,0.37553594,13,1131
da02,1702058714110595,6.1494546,0.85713619,0.64280862,33,1136
85ab,1702058714610594,0.96888322,6.2396469,0.379897,14,1141
da02,1702058715110591,6.1306682,0.86179465,0.62640488,32,1146
85ab,1702058715610594,0.97284335,6.2494211,0.38194194,13,1151
da02,1702058716111150,6.1390624,0.83305603,0.64109331,36,1156
85ab,1702058716610604,0.96433949,6.2651062,0.36642924,11,1161
da02,1702058717109726,6.1419063,0.84871525,0.63692808,32,1166
85ab,1702058717609807,0.9582572,6.2643123,0.36562145,12,1171
da02,1702058718111074,6.2146077,0.7550981,0.91973466,65,1176
85ab,1702058718610766,0.96918941,6.2701712,0.37247345,13,1181
da02,1702058719110579,6.2068167,0.77868485,0.83542192,30,1186
85ab,1702058719610563,0.97494793,6.2601361,0.37466967,14,1191
da02,1702058720110613,6.2042508,0.77751297,0.84166712,40,1196
85ab,1702058720610639,0.983206,6.2732711,0.37255847,13,1201
da02,1702058721110631,6.1926885,0.77325326,0.8403818,41,1206
85ab,1702058721610641,0.98613566,6.2488384,0.37871283,15,1211
da02,1702058722110634,6.1621084,0.7941283,0.75871938,31,1216
85ab,1702058722609792,0.98836112,6.2591496,0.37591398,13,1221
da02,1702058723109796,6.1443257,0.82401168,0.704186,30,1226
85ab,1702058723611174,0.97123641,6.2796321,0.35907802,11,1231
da02,1702058724110632,6.1491089,0.81837249,0.70037055,35,1236
85ab,1702058724610629,0.97686028,6.2780256,0.35973683,13,1241
da02,1702058725110638,6.1554303,0.8043009,0.69426614,35,1246
85ab,1702058725610636,0.96735221,6.2910953,0.34839657,11,1251
da02,1702058726110643,6.1425219,0.81123817,0.64918667,30,1256
85ab,1702058726610642,0.96783036,6.2805853,0.34967807,13,1261
da02,1702058727110617,6.1474271,0.81088632,0.59362745,26,1266
85ab,1702058727610680,0.97468352,6.2715816,0.3539378,13,1271
da02,1702058728109804,6.1380286,0.81472212,0.60072863,34,1276
85ab,1702058728609797,0.97219753,6.276207,0.35394245,12,1281
da02,1702058729111168,6.1429653,0.8273955,0.61306041,33,1286
85ab,1702058729610660,0.95553946,6.2666063,0.34273052,12,1291
da02,1702058730110656,6.141964,0.83445728,0.62200767,33,1296
85ab,1702058730610646,0.95930004,6.2720561,0.34497967,12,1301
da02,1702058731110676,6.1447158,0.83797348,0.62325829,32,1306
85ab,1702058731610650,0.97684878,6.2743092,0.35536808,14,1311
da02,1702058732111082,6.1566205,0.83056438,0.61966753,31,1316
85ab,1702058732610670,0.9716115,6.2997808,0.35151824,11,1321
da02,1702058733110682,6.1481557,0.83113086,0.59258443,30,1326
85ab,1702058733609854,0.97667593,6.2322369,0.3878732,66,1331
da02,1702058734109838,6.1350584,0.84356439,0.55731523,28,1336
85ab,1702058734611139,0.97369182,6.2478266,0.37903064,12,1341
da02,1702058735110680,6.1377554,0.84011859,0.57097584,32,1346
85ab,1702058735610726,0.97762108,6.2564235,0.37346956,13,1351
da02,1702058736110676,6.1346469,0.82235575,0.6022433,36,1356
85ab,1702058736610691,0.9706558,6.2690921,0.38293988,12,1361
da02,1702058737110695,6.1313472,0.8135255,0.62846339,37,1366
85ab,1702058737610680,0.96081686,6.2796931,0.37305328,12,1371
da02,1702058738111228,6.1387095,0.80434495,0.61893857,32,1376
85ab,1702058738610734,0.96358943,6.2804556,0.37100673,13,1381
da02,1702058739109880,6.1341705,0.80637729,0.58095711,28,1386
85ab,1702058739609852,0.97150284,6.2793479,0.36727661,13,1391
da02,1702058740111290,6.1392717,0.8231383,0.59655833,33,1396
85ab,1702058740610707,0.97663581,6.2682748,0.37437165,14,1401
da02,1702058741110702,6.1332884,0.81897473,0.601272,33,1406
85ab,1702058741610735,0.980817,6.2708921,0.37878668,13,1411
da02,1702058742110710,6.1506052,0.80794382,0.6200549,34,1416
85ab,1702058742610716,0.97604692,6.258584,0.38077369,14,1421
da02,1702058743110752,6.142221,0.83038759,0.61075091,31,1426
85ab,1702058743610723,0.98662013,6.2440624,0.38377246,15,1431
da02,1702058744110718,6.1651754,0.81986409,0.62195063,32,1436
85ab,1702058744609918,0.98036265,6.2497783,0.38458446,13,1
da02,1702058745109866,6.1886587,0.81162769,0.63462096,32,6
85ab,1702058745611181,0.96660411,6.246644,0.38514745,13,11
da02,1702058746110759,6.166851,0.81549674,0.636714,34,16
85ab,1702058746610734,0.98012757,6.25763,0.38772669,14,21
da02,1702058747110717,6.1565561,0.80807561,0.63352054,34,26
85ab,1702058747610754,0.98061305,6.2545056,0.38498187,13,31
da02,1702058748110730,6.13323,0.82908744,0.61710924,32,36
85ab,1702058748610733,0.98855203,6.239892,0.38783586,15,41
da02,1702058749111313,6.1493945,0.81794995,0.62908638,34,46
85ab,1702058749610753,0.98151392,6.250186,0.37962371,12,51
da02,1702058750111021,6.1433764,0.82806289,0.65573478,36,56
85ab,1702058750609922,0.97582173,6.2372112,0.3859188,14,61
da02,1702058751111224,6.143682,0.82650757,0.63133651,31,66
85ab,1702058751610735,0.97446811,6.2569137,0.37916222,12,71
da02,1702058752110785,6.1470542,0.81863767,0.639878,34,76
85ab,1702058752610766,0.97740555,6.2721081,0.37707004,12,81
da02,1702058753112305,6.1557941,0.83011287,0.63391536,31,86
85ab,1702058753610852,0.966594,6.2621446,0.37687433,13,91
da02,1702058754110756,6.1440444,0.84152716,0.61232436,30,96
85ab,1702058754610788,0.96246129,6.2573233,0.37886557,13,101
da02,1702058755109956,6.1370535,0.84009,0.58238673,29,106
85ab,1702058755610760,0.97027892,6.2567992,0.37609094,13,111
da02,1702058756111232,6.1438513,0.817904,0.60853237,36,116
85ab,1702058756610870,0.97285086,6.2632852,0.37425303,13,121
da02,1702058757110766,6.1393661,0.80239034,0.637198,38,126
85ab,1702058757610719,0.97049159,6.2680173,0.3670007,12,131
da02,1702058758110868,6.1372313,0.81267071,0.66894215,38,136
85ab,1702058758610778,0.9719283,6.2728252,0.36658144,13,141
da02,1702058759110792,6.1372623,0.82497293,0.66332871,33,146
85ab,1702058759611129,0.98234421,6.2701015,0.37401512,14,151
da02,1702058760111376,6.13675,0.82627529,0.68596244,37,156
85ab,1702058760609962,0.9797349,6.2542315,0.37834626,14,161
da02,1702058761111603,6.1481948,0.83150232,0.72110087,38,166
85ab,1702058761610796,0.98894984,6.2508373,0.38232312,14,171
da02,1702058762110787,6.13513,0.8128475,0.69391716,34,176
85ab,1702058762612408,0.98173779,6.2744646,0.378409,12,181
da02,1702058763110801,6.1357932,0.81068122,0.70035487,36,186
85ab,1702058763610812,0.96987903,6.2885504,0.3658469,11,191
da02,1702058764112473,6.1366811,0.79740757,0.70153749,37,196
85ab,1702058764610793,0.979517,6.2920532,0.35873818,13,201
da02,1702058765110822,6.120944,0.82450205,0.63661069,28,206
85ab,1702058765611011,0.96528232,6.2644506,0.365166,13,211
da02,1702058766109963,6.1411061,0.80008548,0.65323758,35,216
85ab,1702058766611305,0.97735971,6.2694416,0.37105998,13,221
da02,1702058767111292,6.1457067,0.78600794,0.6734423,37,226
85ab,1702058767610707,0.98366821,6.2724972,0.36500084,13,231
da02,1702058768110778,6.1421218,0.78328931,0.66850978,35,236
85ab,1702058768610781,0.97785109,6.2390065,0.37547886,15,241
da02,1702058769110777,6.1376076,0.78886271,0.6581322,34,246
85ab,1702058769610827,0.97486937,6.2370343,0.38196719,14,251
da02,1702058770110828,6.1497374,0.78666043,0.6619007,34,256
85ab,1702058770610829,0.98169357,6.2507148,0.38038066,13,261
da02,1702058771111398,6.1553025,0.78017008,0.67559361,36,266
85ab,1702058771609994,0.9723267,6.2469316,0.38284126,13,271
da02,1702058772111325,6.1696439,0.77935821,0.68032229,34,276
85ab,1702058772610849,0.9780044,6.2464819,0.3827945,14,281
da02,1702058773110842,6.1582441,0.78685313,0.64798617,31,286
85ab,1702058773610834,0.96921927,6.2429252,0.38210806,13,291
da02,1702058774110832,6.1533279,0.774161,0.663552,37,296
85ab,1702058774610853,0.97380239,6.2726645,0.37875539,12,301
da02,1702058775110862,6.1547937,0.7718851,0.64284271,32,306
85ab,1702058775610844,0.97332859,6.2842178,0.37240025,12,311
da02,1702058776110844,6.1592388,0.75779349,0.66974193,38,316
85ab,1702058776610865,0.96725959,6.280622,0.3624039,12,321
da02,1702058777109988,6.1629925,0.75905043,0.68778181,37,326
85ab,1702058777611346,0.96199852,6.2786288,0.35304171,12,331
da02,1702058778110859,6.1605773,0.76136857,0.688447,36,336
85ab,1702058778610867,0.96028316,6.2546067,0.35081065,14,341
da02,1702058779110858,6.1642165,0.7724629,0.67834181,33,346
85ab,1702058779610863,0.95889384,6.2402396,0.35584638,14,351
da02,1702058780110866,6.1728153,0.79303414,0.66305751,31,356
85ab,1702058780610881,0.96830612,6.2444067,0.36035386,13,361
da02,1702058781110876,6.1583152,0.81652445,0.64390171,31,366
85ab,1702058781610881,0.94775021,6.2469621,0.35740232,12,371
da02,1702058782111424,6.1664109,0.81066811,0.66468489,36,376
85ab,1702058782610048,0.94798988,6.2462215,0.36132726,13,381
da02,1702058783110328,6.1497607,0.80849868,0.65530455,34,386
85ab,1702058783610879,0.97416633,6.2532506,0.36554214,14,391
da02,1702058784110900,6.1610107,0.78534919,0.64842582,33,396
85ab,1702058784610892,0.98219842,6.2630014,0.37254468,13,401
da02,1702058785110888,6.1421175,0.80907,0.62869221,32,406
85ab,1702058785610896,0.98066765,6.2446036,0.38340461,14,411
da02,1702058786110909,6.122396,0.819963,0.61243558,32,416
85ab,1702058786610900,0.977062,6.2143674,0.39007697,15,421
da02,1702058787110900,6.1215019,0.81570369,0.62350255,35,426
85ab,1702058787610898,0.96963745,6.215354,0.38526535,13,431
da02,1702058788110363,6.1411777,0.81162089,0.61730373,31,436
85ab,1702058788610056,0.982829,6.2134461,0.3898052,15,441
da02,1702058789110907,6.1524153,0.80932617,0.63364494,34,446
85ab,1702058789610903,0.9758032,6.230638,0.37772083,12,451
da02,1702058790110913,6.1488209,0.81443989,0.62989616,33,456
85ab,1702058790610915,0.98592782,6.2167134,0.37762937,15,461
da02,1702058791110928,6.1616797,0.80172336,0.62644088,32,466
85ab,1702058791610924,0.97227085,6.2057314,0.38111198,14,471
da02,1702058792110914,6.1538682,0.821929,0.61261773,31,476
85ab,1702058792610957,0.97941828,6.22302,0.37828302,13,481
da02,1702058793112110,6.1691923,0.81662291,0.62537891,33,486
85ab,1702058793610103,0.97096294,6.2303429,0.38264132,13,491
da02,1702058794110078,6.1685333,0.80867738,0.65031797,36,496
85ab,1702058794610950,0.96468747,6.2445693,0.37498122,12,501
da02,1702058795110933,6.169785,0.79961848,0.66943932,36,506
85ab,1702058795610929,0.96881562,6.2323995,0.3689009,14,511
da02,1702058796110943,6.1713262,0.79085577,0.66451037,34,516
85ab,1702058796610948,0.95918477,6.2409124,0.35541815,12,521
da02,1702058797110938,6.1536074,0.81217539,0.62899035,30,526
85ab,1702058797610939,0.94935417,6.2512379,0.34824386,12,531
da02,1702058798110962,6.1516261,0.82537812,0.601424,29,536
85ab,1702058798611443,0.96288568,6.2543283,0.36029091,14,541
da02,1702058799110329,6.1388316,0.83386213,0.61063135,34,546
85ab,1702058799610112,0.96768165,6.24421,0.36718449,14,551
da02,1702058800110966,6.1421371,0.82769006,0.60586667,32,556
85ab,1702058800610950,0.974897,6.2541313,0.36659998,13,561
da02,1702058801110962,6.1327424,0.835433,0.60148424,32,566
85ab,1702058801610966,0.98429912,6.2472653,0.37019229,14,571
da02,1702058802110962,6.1553173,0.820032,0.61259532,32,576
85ab,1702058802610975,0.98482305,6.2456126,0.37271151,14,581
da02,1702058803110979,6.1684618,0.81733114,0.64084554,35,586
85ab,1702058803611452,0.99073726,6.2328029,0.37612557,15,591
da02,1702058804111605,6.1528964,0.82497174,0.62782425,32,596
85ab,1702058804610361,0.97955972,6.2530632,0.36402267,12,601
da02,1702058805110137,6.1551366,0.80172193,0.65101248,37,606
85ab,1702058805610988,0.97731525,6.2406149,0.36829993,14,611
da02,1702058806110987,6.1506939,0.81978434,0.60155821,27,616
85ab,1702058806610995,0.97592324,6.2445345,0.37367812,13,621
da02,1702058807110989,6.1354766,0.82565659,0.57411575,30,626
85ab,1702058807610930,0.9818331,6.2693872,0.36445192,12,631
da02,1702058808110998,6.1320534,0.82802647,0.59264511,34,636
85ab,1702058808611460,0.98340207,6.2717514,0.35998163,13,641
da02,1702058809111002,6.1385422,0.80504096,0.6177057,36,646
85ab,1702058809611009,0.9866873,6.2669187,0.36383966,13,651
da02,1702058810111235,6.1370993,0.79934072,0.62060928,34,656
85ab,1702058810610158,0.98115957,6.2493443,0.37353191,14,661
da02,1702058811111005,6.1422682,0.801358,0.62162924,33,666
85ab,1702058811611008,0.97422045,6.2510943,0.36484212,12,671
da02,1702058812111034,6.1520228,0.78143758,0.60908937,32,676
85ab,1702058812611014,0.97109956,6.2470846,0.369122,13,681
da02,1702058813111036,6.1480079,0.78187317,0.61680079,34,686
85ab,1702058813611484,0.97167712,6.2612209,0.36520281,12,691
da02,1702058814111016,6.1329093,0.79450291,0.586498,30,696
85ab,1702058814611016,0.97286385,6.2675967,0.3612791,12,701
da02,1702058815110491,6.1221528,0.81351376,0.57696533,31,706
85ab,1702058815611012,0.96461743,6.2629466,0.36686695,13,711
da02,1702058816111035,6.1325655,0.82026482,0.58145517,31,716
85ab,1702058816611026,0.96785545,6.2857103,0.36412048,12,721
da02,1702058817111044,6.1284285,0.82874709,0.57235909,31,726
85ab,1702058817611022,0.96093279,6.2729087,0.36224604,13,731
da02,1702058818111044,6.1205921,0.82968879,0.58662182,34,736
85ab,1702058818611515,0.95611793,6.2662454,0.35864779,13,741
da02,1702058819111040,6.1460681,0.83380073,0.63396752,36,746
85ab,1702058819611034,0.96735764,6.259285,0.3605153,14,751
da02,1702058820111083,6.136476,0.83336306,0.60315144,30,756
85ab,1702058820610210,0.96093655,6.26164,0.35546044,12,761
da02,1702058821110227,6.1310067,0.84683162,0.5988304,31,766
85ab,1702058821611056,0.96886939,6.2748451,0.34690973,12,771
da02,1702058822111063,6.1318469,0.83809626,0.61082512,34,776
85ab,1702058822611050,0.97400427,6.2688184,0.35201705,13,781
da02,1702058823111067,6.1312032,0.82763052,0.64245093,37,786
85ab,1702058823611521,0.96764612,6.2705913,0.35857865,13,791
da02,1702058824111078,6.1508203,0.81011957,0.6428706,33,796
85ab,1702058824611058,0.9640854,6.2636647,0.35477039,13,801
da02,1702058825111072,6.148922,0.80708236,0.66182029,36,806
85ab,1702058825611086,0.96674865,6.2677259,0.35918456,13,811
da02,1702058826110543,6.1457539,0.80617023,0.60910827,28,816
85ab,1702058826610658,0.97608989,6.2629123,0.35769251,13,821
da02,1702058827111494,6.152132,0.79264313,0.62224579,34,826
85ab,1702058827611026,0.9761734,6.2342849,0.36808285,15,831
da02,1702058828111036,6.1536665,0.81063551,0.61759579,31,836
85ab,1702058828611027,0.97764742,6.2426057,0.36833307,13,841
da02,1702058829110962,6.1579652,0.79080009,0.65943086,39,846
85ab,1702058829610912,0.97983432,6.2466006,0.36976907,13,851
da02,1702058830112497,6.1438308,0.79539353,0.65340221,34,856
85ab,1702058830610926,0.972053,6.2470703,0.37021482,13,861
da02,1702058831110968,6.1559734,0.79759079,0.65793008,34,866
85ab,1702058831610173,0.95648152,6.2505126,0.35740387,12,871
da02,1702058832110345,6.1689882,0.788106,0.66144246,34,876
85ab,1702058832610942,0.95420212,6.2592778,0.35501859,12,881
da02,1702058833110941,6.1635408,0.8036778,0.64453,31,886
85ab,1702058833610936,0.94919139,6.2447248,0.36315304,13,891
da02,1702058834110965,6.1615338,0.79666579,0.67954212,39,896
85ab,1702058834610953,0.95236987,6.2432876,0.36349139,13,901
da02,1702058835110985,6.1745615,0.79357445,0.66458237,32,906
85ab,1702058835610956,0.9615382,6.258913,0.36792004,13,911
da02,1702058836110956,6.1684785,0.79492337,0.67995417,36,916
85ab,1702058836610982,0.95653123,6.2773051,0.35993728,11,921
da02,1702058837110158,6.1491733,0.82576638,0.66511989,33,926
85ab,1702058837610157,0.96503288,6.271636,0.3683351,14,931
da02,1702058838110978,6.1402211,0.83262122,0.64832014,32,936
85ab,1702058838610932,0.96858639,6.2512093,0.37374777,14,941
da02,1702058839110952,6.1475906,0.83084774,0.65808988,34,946
85ab,1702058839610981,0.9577719,6.2589235,0.37319815,12,951
da02,1702058840110995,6.139123,0.82857305,0.64774787,33,956
85ab,1702058840610975,0.96708828,6.2543564,0.37595338,14,961
da02,1702058841110980,6.1265984,0.82417363,0.65424,36,966
85ab,1702058841610968,0.96263063,6.2368274,0.36855131,13,971
da02,1702058842110995,6.1344466,0.81893069,0.66266078,35,976
85ab,1702058842610226,0.95340836,6.2522674,0.3560757,11,981
da02,1702058843110203,6.127059,0.82643104,0.63182259,31,986
85ab,1702058843610986,0.96095008,6.2601743,0.35680145,13,991
da02,1702058844111010,6.1379075,0.81267285,0.65285248,36,996
85ab,1702058844611005,0.97878426,6.2590737,0.36807361,14,1001
da02,1702058845111009,6.1161118,0.83148468,0.61424363,30,1006
85ab,1702058845611020,0.98187459,6.2508221,0.36483192,14,1011
da02,1702058846111018,6.1210709,0.82326484,0.6589129,39,1016
85ab,1702058846611008,0.98694748,6.2464628,0.37250122,14,1021
da02,1702058847110978,6.1155944,0.82936066,0.65936196,35,1026
85ab,1702058847611003,0.9828124,6.240262,0.37702847,14,1031
da02,1702058848110520,6.1206865,0.82902157,0.65925515,34,1036
85ab,1702058848610204,0.97612363,6.2414794,0.37406617,13,1041
da02,1702058849111025,6.1274796,0.81332684,0.68295854,38,1046
85ab,1702058849611006,0.97394663,6.2496719,0.37599376,13,1051
da02,1702058850111032,6.1400504,0.79983151,0.71318072,39,1056
85ab,1702058850611021,0.96471471,6.2682247,0.37013984,12,1061
da02,1702058851111033,6.131382,0.81651139,0.67961127,32,1066
85ab,1702058851611026,0.96613783,6.2858415,0.36559081,12,1071
da02,1702058852111002,6.1171,0.82657188,0.6373179,30,1076
85ab,1702058852611046,0.96899575,6.2847757,0.36882216,13,1081
da02,1702058853111140,6.1292253,0.82513958,0.63391608,32,1086
85ab,1702058853610268,0.96547687,6.2705221,0.36258674,13,1091
da02,1702058854110240,6.1368847,0.82164425,0.68824285,40,1096
85ab,1702058854611043,0.96416754,6.2811828,0.36209926,12,1101
da02,1702058855111056,6.1594095,0.81305343,0.678228,32,1106
85ab,1702058855611034,0.97047788,6.2612839,0.36778319,14,1111
da02,1702058856111048,6.1391134,0.83189023,0.65024257,32,1116
85ab,1702058856611044,0.96357441,6.2540269,0.37084958,13,1121
da02,1702058857111042,6.1299305,0.82261974,0.64972466,35,1126
85ab,1702058857611053,0.96565759,6.27024,0.3664709,12,1131
da02,1702058858111102,6.1414361,0.82271844,0.66407269,35,1136
85ab,1702058858611052,0.97661465,6.2714014,0.36829728,13,1141
da02,1702058859110589,6.154964,0.83052993,0.66587156,33,1146
85ab,1702058859610260,0.98305321,6.2696037,0.36839044,13,1151
da02,1702058860111067,6.1417074,0.8251909,0.6581192,34,1156
85ab,1702058860611070,0.96469229,6.2653079,0.360703,12,1161
da02,1702058861111101,6.1278396,0.84406221,0.60892487,28,1166
85ab,1702058861611064,0.975247,6.2559209,0.36230722,14,1171
da02,1702058862111066,6.1325111,0.83803296,0.60526335,32,1176
85ab,1702058862611058,0.97587061,6.2498679,0.36660582,14,1181
da02,1702058863111078,6.12394,0.85266936,0.58888495,30,1186
85ab,1702058863611093,0.97600895,6.2456064,0.36688325,13,1191
da02,1702058864111124,6.1250429,0.84875244,0.61737788,36,1196
85ab,1702058864610310,0.97068816,6.2513814,0.36163843,12,1201
da02,1702058865110298,6.1346321,0.84247059,0.62949049,34,1206
85ab,1702058865611086,0.96193022,6.2450666,0.36466265,13,1211
da02,1702058866111079,6.1282377,0.84966689,0.61635762,31,1216
85ab,1702058866611131,0.96560574,6.234045,0.36424837,14,1221
da02,1702058867111129,6.1401668,0.83965969,0.63756847,35,1226
85ab,1702058867611146,0.97808844,6.2302389,0.36676335,14,1231
da02,1702058868111145,6.1574826,0.81258106,0.65271121,35,1236
85ab,1702058868611083,0.99056435,6.242239,0.373119,14,1241
da02,1702058869111152,6.1644154,0.81240839,0.64040381,31,1246
85ab,1702058869611165,0.98675776,6.2344208,0.36684012,13,1251
da02,1702058870110641,6.1628337,0.82088172,0.60236645,28,1256
85ab,1702058870610318,0.98346865,6.2302489,0.3667326,14,1261
da02,1702058871111168,6.1639476,0.81281894,0.63827729,37,1266
85ab,1702058871611115,0.9914856,6.2363505,0.36549276,14,1271
da02,1702058872111148,6.152678,0.83340085,0.60274786,28,1276
85ab,1702058872611142,0.977496,6.2484894,0.36652997,12,1281
da02,1702058873111137,6.1466656,0.834063,0.60780209,33,1286
85ab,1702058873611141,0.97972077,6.2442942,0.37075263,14,1291
da02,1702058874111152,6.1348329,0.8360008,0.58949256,31,1296
85ab,1702058874611121,0.98468125,6.2477288,0.36908343,13,1301
da02,1702058875110361,6.1330762,0.85934681,0.56173843,27,1306
85ab,1702058875611163,0.98040426,6.2767291,0.36131904,11,1311
da02,1702058876111188,6.12564,0.85511678,0.57342762,33,1316
85ab,1702058876611167,0.97965831,6.2679739,0.37305984,14,1321
da02,1702058877111170,6.1378183,0.84980965,0.61506736,36,1326
85ab,1702058877611129,0.97405714,6.2543025,0.38079679,14,1331
da02,1702058878111162,6.1455612,0.84279734,0.61988574,33,1336
85ab,1702058878611170,0.9652499,6.273303,0.36419153,11,1341
da02,1702058879111170,6.1517844,0.82157975,0.6424979,36,1346
85ab,1702058879611169,0.96625358,6.267241,0.36152428,13,1351
da02,1702058880111198,6.147613,0.82868928,0.60577756,29,1356
85ab,1702058880610358,0.97269887,6.267036,0.36733708,13,1361
da02,1702058881111755,6.1292729,0.84242421,0.58481735,30,1366
85ab,1702058881611204,0.97462434,6.2744675,0.37055045,13,1371
da02,1702058882111174,6.1270852,0.83187485,0.58421779,32,1376
85ab,1702058882611188,0.96747506,6.2707796,0.36420143,12,1381
da02,1702058883111184,6.1421595,0.83291847,0.58154726,30,1386
85ab,1702058883611153,0.98260677,6.2591972,0.37232718,15,1391
da02,1702058884111201,6.148778,0.83793324,0.59007645,32,1396
85ab,1702058884611179,0.97388887,6.24868,0.36403582,13,1401
da02,1702058885111199,6.1505013,0.81429368,0.6186626,36,1406
85ab,1702058885611390,0.97343916,6.2548113,0.36103037,13,1411
da02,1702058886110412,6.1378651,0.80132729,0.62819821,36,1416
85ab,1702058886611201,0.97559679,6.2512722,0.36534977,13,1421
da02,1702058887111370,6.1524806,0.80199212,0.6301012,32,1426
85ab,1702058887611139,0.96820438,6.2410784,0.36458638,13,1431
da02,1702058888111183,6.15674,0.80334651,0.62625951,32,1436
85ab,1702058888611164,0.95894665,6.2667308,0.36078611,11,1
da02,1702058889111211,6.1525793,0.8247965,0.60153371,29,6
85ab,1702058889611190,0.9777292,6.2385139,0.36995482,16,11
da02,1702058890111213,6.1469946,0.83940512,0.61348081,33,16
85ab,1702058890611210,0.97009987,6.2571769,0.36620837,12,21
da02,1702058891111228,6.15404,0.83103538,0.63026243,34,26
85ab,1702058891610439,0.961864,6.2613177,0.36282989,12,31
da02,1702058892110781,6.1574616,0.8176955,0.6141606,31,36
85ab,1702058892611177,0.9483462,6.2576547,0.37016055,13,41
da02,1702058893111240,6.1530986,0.82252204,0.63371372,35,46
85ab,1702058893611228,0.95494425,6.2756448,0.36677417,12,51
da02,1702058894111218,6.1390996,0.83806425,0.61564255,31,56
85ab,1702058894611237,0.95124942,6.2709603,0.36231351,12,61
da02,1702058895111242,6.159668,0.81014454,0.62524962,33,66
85ab,1702058895611190,0.95566458,6.2568235,0.37123066,14,71
da02,1702058896111246,6.1697659,0.7886166,0.64315671,35,76
85ab,1702058896611252,0.95793331,6.2405195,0.37548965,14,81
da02,1702058897110468,6.1677465,0.80002433,0.64057148,33,86
85ab,1702058897610443,0.97577244,6.2564211,0.38040155,13,91
da02,1702058898111258,6.1566167,0.81040591,0.61706465,31,96
85ab,1702058898611215,0.97311264,6.2443657,0.37277457,13,101
da02,1702058899111268,6.1410851,0.80673683,0.63001776,36,106
85ab,1702058899611255,0.97892249,6.2588882,0.37329882,13,111
da02,1702058900111242,6.148036,0.79932082,0.6344927,34,116
85ab,1702058900611266,0.98224777,6.2741804,0.36781687,12,121
da02,1702058901111276,6.1389613,0.81340134,0.64411467,35,126
85ab,1702058901611221,0.98361456,6.2914448,0.36543763,12,131
da02,1702058902111351,6.1326094,0.81683934,0.65771276,36,136
85ab,1702058902610484,0.99540764,6.2930689,0.37218851,14,141
da02,1702058903110746,6.1447592,0.80023825,0.67920333,37,146
85ab,1702058903611275,0.9884491,6.2859888,0.3713733,13,151
da02,1702058904111304,6.1388955,0.79913664,0.67886484,36,156
85ab,1702058904611218,0.97198141,6.2867217,0.36525312,12,161
da02,1702058905111292,6.1498036,0.79002851,0.70602411,38,166
85ab,1702058905611278,0.95488709,6.2910724,0.35881144,11,171
da02,1702058906111290,6.1570978,0.78632313,0.71194839,36,176
85ab,1702058906611283,0.95843434,6.2930818,0.35735017,12,181
da02,1702058907112832,6.1492195,0.80271244,0.65840495,29,186
85ab,1702058907611307,0.96001065,6.2900782,0.35723543,12,191
da02,1702058908110504,6.1345172,0.80614442,0.63317573,32,196
85ab,1702058908610491,0.98187685,6.2813654,0.36185426,14,201
da02,1702058909111288,6.1319041,0.79700142,0.62795866,34,206
85ab,1702058909611313,0.98404205,6.2791696,0.36824217,13,211
da02,1702058910111307,6.1442828,0.80529666,0.64899862,35,216
85ab,1702058910611265,0.98167747,6.2772312,0.37401238,13,221
da02,1702058911111310,6.1245708,0.80973434,0.62245232,32,226
85ab,1702058911611301,0.99008387,6.2672477,0.3764967,14,231
da02,1702058912111296,6.1232347,0.81676316,0.62318569,33,236
85ab,1702058912611330,0.99429071,6.2708516,0.36957082,13,241
da02,1702058913111396,6.128233,0.81541628,0.6485315,36,246
85ab,1702058913610535,0.99307024,6.2468734,0.3758904,15,251
da02,1702058914110810,6.1200275,0.82640278,0.61145246,29,256
85ab,1702058914611328,0.99314284,6.2425189,0.38420191,14,261
da02,1702058915111316,6.1131363,0.83744144,0.55372763,26,266
85ab,1702058915611331,0.98679554,6.2333994,0.38151145,14,271
da02,1702058916111354,6.1278248,0.82619029,0.60617048,37,276
85ab,1702058916611304,0.97367233,6.2329769,0.37624666,13,281
da02,1702058917111358,6.1309018,0.81111109,0.63654685,37,286
85ab,1702058917611352,0.97652513,6.2351761,0.37430465,13,291
da02,1702058918111346,6.1360173,0.81421155,0.63017559,32,296
85ab,1702058918611360,0.98767382,6.2465148,0.3723585,13,301
da02,1702058919110582,6.137095,0.8151949,0.62394404,32,306
85ab,1702058919610499,0.97759634,6.2585349,0.36550796,12,311
da02,1702058920111358,6.1366687,0.81753916,0.6440165,36,316
85ab,1702058920611352,0.96959651,6.2603397,0.37190539,13,321
da02,1702058921111330,6.1513262,0.81460774,0.67010409,36,326
85ab,1702058921611348,0.95934618,6.2523422,0.36605418,13,331
da02,1702058922111362,6.148119,0.83585703,0.623124,27,336
85ab,1702058922611310,0.97080326,6.2793512,0.36083138,12,341
da02,1702058923111364,6.1430783,0.82716596,0.62277889,33,346
85ab,1702058923611390,0.978269,6.2705135,0.3697463,14,351
da02,1702058924111383,6.1514935,0.81357867,0.63503838,34,356
85ab,1702058924610595,0.97271609,6.2596955,0.37017053,13,361
da02,1702058925110848,6.148407,0.80733973,0.63938987,34,366
85ab,1702058925611346,0.97359669,6.2858543,0.3630437,11,371
da02,1702058926111396,6.1526594,0.80847085,0.62652081,31,376
85ab,1702058926611380,0.97468132,6.2721753,0.36317962,13,381
da02,1702058927111346,6.1418328,0.83060938,0.59448808,29,386
85ab,1702058927611366,0.96931535,6.29765,0.35196495,11,391
da02,1702058928111404,6.1365852,0.8139894,0.59586853,33,396
85ab,1702058928611370,0.95943725,6.2981396,0.35192657,12,401
da02,1702058929111403,6.1258826,0.82253158,0.58077043,31,406
85ab,1702058929611404,0.96829164,6.290627,0.36167163,13,411
da02,1702058930111611,6.1205516,0.83713776,0.58513963,32,416
85ab,1702058930610588,0.96305972,6.2882371,0.35858613,12,421
da02,1702058931111408,6.1205344,0.83292741,0.62623268,38,426
85ab,1702058931611350,0.95984703,6.262279,0.36642942,14,431
da02,1702058932111397,6.1273494,0.81940359,0.63477647,35,436
85ab,1702058932611387,0.96610826,6.2730355,0.36567014,13,441
da02,1702058933111378,6.1167,0.84356421,0.60306907,29,446
85ab,1702058933611410,0.9570024,6.3000722,0.36004725,11,451
da02,1702058934111438,6.1336555,0.839354,0.63255787,35,456
85ab,1702058934611386,0.95238012,6.2853527,0.36379141,13,461
da02,1702058935110614,6.1260467,0.84435612,0.59785515,29,466
85ab,1702058935611418,0.95112604,6.2967162,0.35626811,11,471
da02,1702058936111884,6.1328859,0.84966195,0.59557873,31,476
85ab,1702058936611439,0.95377874,6.3038073,0.35526872,12,481
da02,1702058937111420,6.1298532,0.84387,0.5836646,31,486
85ab,1702058937611383,0.94823915,6.324687,0.33891618,11,491
da02,1702058938111436,6.1271129,0.83678561,0.58365715,32,496
85ab,1702058938611432,0.96209657,6.3205528,0.34560421,13,501
da02,1702058939111420,6.1361556,0.82787609,0.59370512,33,506
85ab,1702058939611417,0.956658,6.2955427,0.34558615,13,511
da02,1702058940111452,6.1453166,0.83416551,0.61461496,34,516
85ab,1702058940610611,0.94957066,6.2913427,0.3500044,12,521
da02,1702058941111474,6.1462779,0.83535945,0.59813291,30,526
85ab,1702058941611454,0.96375167,6.2949548,0.35979241,13,531
da02,1702058942111413,6.1329308,0.82027346,0.61237258,36,536
85ab,1702058942611437,0.96579051,6.2851591,0.36332059,13,541
da02,1702058943111465,6.1298285,0.83539033,0.61355889,32,546
85ab,1702058943611429,0.97844237,6.3012323,0.36622831,12,551
da02,1702058944111468,6.1232591,0.83510584,0.62287617,35,556
85ab,1702058944611480,0.96590894,6.3001146,0.36402082,12,561
da02,1702058945111476,6.1091914,0.83471215,0.59068584,30,566
85ab,1702058945610735,0.96554059,6.2911105,0.371673,13,571
da02,1702058946110660,6.1079822,0.84394985,0.57232487,30,576
85ab,1702058946611568,0.96496457,6.2856436,0.37012988,13,581
da02,1702058947112267,6.1222315,0.82947654,0.592988,34,586
85ab,1702058947611428,0.95215607,6.2620006,0.37592757,13,591
da02,1702058948111408,6.1162219,0.82754463,0.6023348,34,596
85ab,1702058948611454,0.95163286,6.2673116,0.37473,12,601
da02,1702058949111480,6.123054,0.82093161,0.60383379,33,606
85ab,1702058949612006,0.96431684,6.278945,0.36918542,13,611
da02,1702058950111484,6.1139259,0.825301,0.58403254,31,616
85ab,1702058950611486,0.96083212,6.3023067,0.35496852,11,621
da02,1702058951111425,6.1282406,0.79135913,0.61362845,37,626
85ab,1702058951610700,0.95784146,6.2999592,0.35143116,12,631
da02,1702058952110683,6.1395822,0.79431975,0.62878823,34,636
85ab,1702058952611546,0.95375872,6.3001657,0.35002184,12,641
da02,1702058953111509,6.1175594,0.81664705,0.60697317,31,646
85ab,1702058953611508,0.95208973,6.2833185,0.36198109,13,651
da02,1702058954111417,6.13513,0.78837252,0.66810834,41,656
85ab,1702058954611484,0.95525217,6.2917895,0.35782915,12,661
da02,1702058955111538,6.1420188,0.78741384,0.6749593,35,666
85ab,1702058955611640,1.0200185,6.2132769,0.23071833,66,671
da02,1702058956111537,6.1347809,0.79060787,0.66154462,34,676
85ab,1702058956611526,1.0003268,6.2387791,0.26628795,12,681
da02,1702058957110656,6.1192389,0.81470472,0.65202254,34,686
85ab,1702058957610699,0.99243677,6.232821,0.30321619,14,691
da02,1702058958112054,6.1143885,0.82365584,0.63156205,32,696
85ab,1702058958611548,0.99238342,6.2489738,0.31703606,13,701
da02,1702058959111600,6.1374969,0.80365568,0.65976477,37,706
85ab,1702058959611594,0.99873596,6.2263403,0.346282,16,711
da02,1702058960111526,6.1326885,0.81898832,0.63016516,30,716
85ab,1702058960611603,0.98690826,6.2146153,0.36460117,14,721
da02,1702058961111596,6.1172676,0.82496697,0.60756266,32,726
85ab,1702058961611512,0.99039632,6.23758,0.36333683,13,731
da02,1702058962111626,6.1243386,0.8220042,0.63481677,36,736
85ab,1702058962610732,0.98648185,6.2324848,0.37104654,14,741
da02,1702058963110717,6.122611,0.81994033,0.64837897,36,746
85ab,1702058963611522,0.97047573,6.2422175,0.37041965,12,751
da02,1702058964111523,6.1315255,0.8188206,0.63192087,31,756
85ab,1702058964611520,0.97375059,6.24926,0.36867473,13,761
da02,1702058965112060,6.1324096,0.82913846,0.63750911,34,766
85ab,1702058965611604,0.96891427,6.249898,0.37241536,13,771
da02,1702058966111715,6.151535,0.81593066,0.63641107,32,776
85ab,1702058966611683,0.98041165,6.2447872,0.38412771,14,781
da02,1702058967111632,6.1535282,0.80126429,0.66221839,37,786
85ab,1702058967611699,0.98045039,6.2486553,0.38216105,13,791
da02,1702058968110833,6.1324739,0.82796431,0.64076668,32,796
85ab,1702058968610816,0.97260094,6.2472124,0.37198853,13,801
da02,1702058969112176,6.124712,0.82998562,0.64229947,34,806
85ab,1702058969611668,0.97604942,6.2466927,0.37366819,13,811
da02,1702058970112355,6.1341968,0.81968617,0.64788353,34,816
85ab,1702058970611666,0.97788507,6.24155,0.37897238,14,821
da02,1702058971111674,6.1370411,0.81324232,0.62720287,31,826
85ab,1702058971611685,0.97280455,6.2420263,0.37449118,13,831
da02,1702058972111690,6.1399097,0.81089723,0.60729736,31,836
85ab,1702058972611688,0.97154182,6.253201,0.36728862,12,841
da02,1702058973111716,6.1193557,0.83142078,0.5710786,29,846
85ab,1702058973610852,0.96625084,6.2414107,0.36691579,13,851
da02,1702058974110839,6.1319265,0.83548218,0.59444267,33,856
85ab,1702058974611708,0.96407884,6.245285,0.36429796,13,861
da02,1702058975111696,6.1460657,0.81981581,0.61126494,34,866
85ab,1702058975612164,0.95952439,6.2693548,0.35700428,11,871
da02,1702058976111694,6.1396794,0.82389593,0.60780084,32,876
85ab,1702058976611744,0.97454548,6.2804775,0.35787761,13,881
da02,1702058977111729,6.1418505,0.84247476,0.62258768,33,886
85ab,1702058977611741,0.9868871,6.2797856,0.36195096,14,891
da02,1702058978111745,6.1517239,0.8260867,0.64738321,36,896
85ab,1702058978611766,0.994314,6.2621889,0.37284306,15,901
da02,1702058979110970,6.1447506,0.828631,0.61829084,30,906
85ab,1702058979610896,0.987963,6.2670364,0.37329188,13,911
da02,1702058980112293,6.1332388,0.82915014,0.62216324,34,916
85ab,1702058980612244,0.98225558,6.2657652,0.36278996,12,921
da02,1702058981111802,6.1421556,0.81514335,0.64448917,36,926
85ab,1702058981611760,0.99412245,6.2437458,0.37390485,15,931
da02,1702058982111763,6.1413865,0.80894405,0.67485833,38,936
85ab,1702058982611840,0.9752211,6.2401724,0.36373407,12,941
da02,1702058983111773,6.1441464,0.80566597,0.66874474,34,946
85ab,1702058983611771,0.98481381,6.248982,0.37073645,14,951
da02,1702058984113378,6.1282196,0.82569987,0.64072478,31,956
85ab,1702058984610946,0.98054874,6.2505431,0.36708307,13,961
da02,1702058985110908,6.1234283,0.83150345,0.62235451,31,966
85ab,1702058985611769,1.0072122,6.2570486,0.37130281,14,971
da02,1702058986112265,6.1157966,0.81580234,0.60709524,33,976
85ab,1702058986611781,1.0006506,6.2330413,0.37347102,15,981
da02,1702058987111816,6.1176944,0.81571579,0.61653668,34,986
85ab,1702058987611770,0.992757,6.2563481,0.36622486,12,991
da02,1702058988111786,6.123033,0.83111244,0.607436,31,996
85ab,1702058988611804,1.0107185,6.2521429,0.37418538,15,1001
da02,1702058989111796,6.1325865,0.8386153,0.6006366,31,1006
85ab,1702058989611826,1.0110625,6.261754,0.37849146,13,1011
da02,1702058990110974,6.12811,0.82631075,0.60596877,34,1016
85ab,1702058990610936,1.0046213,6.2644777,0.36936447,13,1021
da02,1702058991112880,6.1291461,0.83532435,0.58503103,29,1026
85ab,1702058991611807,0.975391,6.2907343,0.35020611,10,1031
da02,1702058992111799,6.1400676,0.81969744,0.60757375,35,1036
85ab,1702058992611889,0.97739124,6.253521,0.36940983,15,1041
da02,1702058993111823,6.1188264,0.8487311,0.56684428,28,1046
85ab,1702058993611808,0.97351974,6.2566133,0.36588728,13,1051
da02,1702058994111825,6.1364307,0.8362909,0.59801447,34,1056
85ab,1702058994611997,0.98516577,6.2514863,0.36292237,14,1061
da02,1702058995110958,6.1246471,0.84046817,0.57577938,30,1066
85ab,1702058995611831,0.98801011,6.2517195,0.36604524,13,1071
da02,1702058996112353,6.1102324,0.842111,0.55674541,30,1076
85ab,1702058996611826,0.98403013,6.266119,0.35963407,12,1081
da02,1702058997111856,6.1195383,0.83410078,0.56974095,32,1086
85ab,1702058997611830,0.98603129,6.2684422,0.36516318,13,1091
da02,1702058998111828,6.1175337,0.84043932,0.56831944,31,1096
85ab,1702058998612255,0.98678428,6.2857032,0.36670104,12,1101
da02,1702058999112030,6.2217951,0.82370323,0.54421377,56,1106
85ab,1702058999611836,0.9750908,6.2786379,0.36620522,13,1111
da02,1702059000111928,6.1946387,0.82254356,0.57698733,35,1116
85ab,1702059000610984,0.97391987,6.2621651,0.37311494,14,1121
da02,1702059001111853,6.1808152,0.81192112,0.61135846,37,1126
85ab,1702059001612344,0.97774369,6.257206,0.37643087,14,1131
da02,1702059002112391,6.1604023,0.80966252,0.61883307,35,1136
85ab,1702059002611853,0.96692485,6.2664213,0.36325249,12,1141
da02,1702059003111852,6.1596074,0.80276877,0.64555371,37,1146
85ab,1702059003611850,0.97066736,6.2645941,0.36944884,13,1151
da02,1702059004111869,6.1454291,0.79965454,0.64562571,35,1156
85ab,1702059004611855,0.95864511,6.2729306,0.36308694,12,1161
da02,1702059005111858,6.1538434,0.79562539,0.65115374,34,1166
85ab,1702059005611859,0.96158564,6.2567711,0.371184,14,1171
da02,1702059006110999,6.1517758,0.80193931,0.63240594,31,1176
85ab,1702059006611010,0.97243357,6.2693224,0.37273714,13,1181
da02,1702059007112581,6.164547,0.78978789,0.68390709,40,1186
85ab,1702059007611831,0.96436638,6.2729654,0.36455372,12,1191
da02,1702059008111861,6.1542926,0.78754026,0.69023609,37,1196
85ab,1702059008611874,0.95245391,6.2706242,0.36293843,12,1201
da02,1702059009111884,6.1497498,0.77747786,0.68215621,35,1206
85ab,1702059009611883,0.96056342,6.2691555,0.36637715,13,1211
da02,1702059010111886,6.1419535,0.8050245,0.67704725,34,1216
85ab,1702059010611946,0.9656114,6.2016854,0.39140609,66,1221
da02,1702059011111896,6.1625805,0.79911852,0.67937428,34,1226
85ab,1702059011611030,0.96751893,6.2205338,0.38807088,13,1231
da02,1702059012111027,6.1674194,0.77687079,0.71774453,41,1236
85ab,1702059012612404,0.96244216,6.2268176,0.38536304,13,1241
da02,1702059013112418,6.1515517,0.78969091,0.68550462,33,1246
85ab,1702059013611887,0.9677254,6.2320971,0.3817873,13,1251
da02,1702059014111884,6.1426678,0.80021167,0.648045,31,1256
85ab,1702059014611890,0.96079665,6.2339544,0.3790625,13,1261
da02,1702059015111892,6.129745,0.81294066,0.61436141,30,1266
85ab,1702059015611901,0.9570269,6.2429047,0.37772879,13,1271
da02,1702059016111901,6.1263056,0.80322015,0.60795206,33,1276
85ab,1702059016611917,0.9539448,6.2485123,0.36630705,12,1281
da02,1702059017111018,6.1437654,0.79914474,0.63749641,36,1286
85ab,1702059017611038,0.95910454,6.24528,0.375668,14,1291
da02,1702059018112406,6.1494036,0.812156,0.63395107,32,1296
85ab,1702059018611894,0.96625715,6.2404904,0.38096669,14,1301
da02,1702059019111935,6.1503863,0.81468552,0.66221762,37,1306
85ab,1702059019611913,0.96112227,6.2466836,0.37953487,13,1311
da02,1702059020111920,6.1532688,0.82720232,0.63876605,30,1316
85ab,1702059020611915,0.96635908,6.2575336,0.37506405,13,1321
da02,1702059021111921,6.1523118,0.81585026,0.65395695,36,1326
85ab,1702059021611907,0.97099233,6.2886491,0.36642092,11,1331
da02,1702059022111920,6.1636868,0.80473727,0.66346622,35,1336
85ab,1702059022611090,0.96362185,6.2748327,0.36689579,13,1341
da02,1702059023111068,6.1610079,0.79549837,0.64594281,32,1346
85ab,1702059023612417,0.96785808,6.2745595,0.36810189,13,1351
da02,1702059024112466,6.134891,0.81612462,0.62303704,32,1356
85ab,1702059024612038,0.9572888,6.260498,0.36644885,13,1361
da02,1702059025111962,6.1273308,0.83023345,0.635731,35,1366
85ab,1702059025611931,0.95371991,6.2870278,0.35517508,11,1371
da02,1702059026111960,6.1386995,0.83268827,0.66118807,36,1376
85ab,1702059026611996,0.94928557,6.268167,0.35309425,13,1381
da02,1702059027111928,6.1326251,0.83842,0.61982721,29,1386
85ab,1702059027611969,0.95926791,6.26956,0.35872918,13,1391
da02,1702059028111093,6.1424289,0.8277474,0.61525655,32,1396
85ab,1702059028611090,0.96317983,6.2630339,0.36122707,13,1401
da02,1702059029112426,6.138041,0.836332,0.60153335,31,1406
85ab,1702059029611963,0.96573734,6.2496252,0.36731407,14,1411
da02,1702059030111966,6.1393523,0.83313787,0.59755892,32,1416
85ab,1702059030611964,0.97667444,6.2525682,0.37006497,14,1421
da02,1702059031111956,6.1305017,0.82964683,0.59442371,33,1426
85ab,1702059031611978,0.98908186,6.2561579,0.38179007,14,1431
da02,1702059032112378,6.1377659,0.8125028,0.61468112,35,1436
85ab,1702059032611981,0.98591739,6.2469726,0.37946114,14,1
da02,1702059033111987,6.1477041,0.81464434,0.63066608,34,6
85ab,1702059033611162,0.98533183,6.2686467,0.37042889,12,11
da02,1702059034111111,6.1635594,0.81791407,0.6508466,34,16
85ab,1702059034612515,0.98656023,6.265388,0.38421398,14,21
da02,1702059035112468,6.1528659,0.82753366,0.58412904,25,26
85ab,1702059035611992,0.98228908,6.2577963,0.37374228,13,31
da02,1702059036111981,6.1401668,0.82944572,0.59628189,34,36
85ab,1702059036611978,0.97782564,6.2526574,0.3813034,14,41
da02,1702059037112000,6.1485133,0.81047636,0.6026327,33,46
85ab,1702059037611996,0.991066,6.250493,0.3886638,14,51
da02,1702059038112003,6.1533985,0.80232328,0.60937077,33,56
85ab,1702059038612119,0.97938973,6.2466335,0.38508207,13,61
da02,1702059039111162,6.1501307,0.81521845,0.61219877,32,66
85ab,1702059039611148,0.97131306,6.2521214,0.38516828,13,71
da02,1702059040112443,6.147912,0.81572485,0.61503345,33,76
85ab,1702059040611966,0.96239889,6.2647052,0.37589642,12,81
da02,1702059041111966,6.151783,0.81786597,0.6526708,37,86
85ab,1702059041611954,0.96444458,6.2672505,0.37095958,13,91
da02,1702059042111950,6.138648,0.8306942,0.63747823,32,96
85ab,1702059042611966,0.97576052,6.2769246,0.36513454,13,101
da02,1702059043111976,6.140213,0.82845783,0.62559736,32,106
85ab,1702059043611970,0.96899766,6.2675753,0.36751616,13,111
da02,1702059044112170,6.1374269,0.8292473,0.6408174,35,116
85ab,1702059044611292,0.95882535,6.2669973,0.36757502,12,121
da02,1702059045111148,6.1450834,0.82983941,0.64367372,33,126
85ab,1702059045612497,0.95198119,6.2655973,0.3616114,12,131
da02,1702059046112533,6.153141,0.80323631,0.66679746,37,136
85ab,1702059046611975,0.96349883,6.2630048,0.36364341,13,141
da02,1702059047111996,6.1546531,0.79594839,0.64615959,32,146
85ab,1702059047611965,0.97435188,6.2541938,0.3645125,14,151
da02,1702059048111992,6.1617403,0.79396671,0.65118068,34,156
85ab,1702059048611985,0.97303295,6.2575374,0.3642042,13,161
da02,1702059049111996,6.1481972,0.79372364,0.64253986,34,166
85ab,1702059049611959,0.97826248,6.2590642,0.3603673,13,171
da02,1702059050111253,6.1523929,0.79852581,0.64849246,34,176
85ab,1702059050611102,0.96428674,6.2656417,0.36523759,12,181
da02,1702059051111946,6.1520724,0.80366224,0.63066804,31,186
85ab,1702059051611915,0.95536387,6.2776923,0.35402158,11,191
da02,1702059052111913,6.154717,0.80218476,0.64010382,34,196
85ab,1702059052611982,0.95525295,6.2708106,0.34955749,13,201
da02,1702059053111912,6.1601543,0.7917636,0.67143643,38,206
85ab,1702059053611908,0.95687389,6.2719607,0.35420379,13,211
da02,1702059054111938,6.1683455,0.77580678,0.68460709,36,216
85ab,1702059054611940,0.96025717,6.2694535,0.35978186,13,221
da02,1702059055111123,6.1670356,0.78212827,0.66140926,32,226
85ab,1702059055611964,0.96029276,6.2779975,0.35676783,12,231
da02,1702059056111959,6.149694,0.80758172,0.63295728,31,236
85ab,1702059056611928,0.95890105,6.2835655,0.3514961,12,241
da02,1702059057112481,6.1601524,0.79248863,0.64822489,35,246
85ab,1702059057611929,0.95714808,6.3145165,0.3381722,12,251
da02,1702059058111942,6.1466074,0.82179278,0.60964769,28,256
85ab,1702059058611954,0.97130972,6.2855921,0.35429063,15,261
da02,1702059059111937,6.1456704,0.82356459,0.61564833,33,266
85ab,1702059059611944,0.97155625,6.2756138,0.35203582,13,271
da02,1702059060111974,6.1447926,0.81840491,0.62079436,34,276
85ab,1702059060611152,0.98389161,6.2702346,0.36192581,14,281
da02,1702059061113587,6.1436214,0.80984354,0.657849,38,286
85ab,1702059061611992,0.97990769,6.2674632,0.3561452,13,291
da02,1702059062111961,6.14125,0.81594574,0.64937252,33,296
85ab,1702059062611970,0.96523482,6.2674894,0.35278144,12,301
da02,1702059063111965,6.1430287,0.79735953,0.63701683,33,306
85ab,1702059063612000,0.98135692,6.2651253,0.35911623,14,311
da02,1702059064111992,6.143733,0.79874134,0.6279282,32,316
85ab,1702059064611990,0.97068244,6.2646127,0.35722524,12,321
da02,1702059065112057,6.1584387,0.78602618,0.63731509,34,326
85ab,1702059065612026,0.96702617,6.2485838,0.36319771,14,331
da02,1702059066111185,6.16593,0.7994234,0.63436216,32,336
85ab,1702059066611208,0.97440541,6.2439456,0.36820823,14,341
da02,1702059067112286,6.1668572,0.80925858,0.64091116,33,346
85ab,1702059067611966,0.9752394,6.2498517,0.36794117,13,351
da02,1702059068112512,6.1630883,0.80401731,0.66234916,37,356
85ab,1702059068612010,0.96064162,6.238625,0.36661318,13,361
da02,1702059069112035,6.1666937,0.7937907,0.66842884,35,366
85ab,1702059069612033,0.98573196,6.2353597,0.37888002,15,371
da02,1702059070112017,6.1562037,0.80993289,0.66037178,33,376
85ab,1702059070612026,0.97906679,6.2482009,0.36963242,12,381
da02,1702059071112029,6.142684,0.8080368,0.61955047,30,386
85ab,1702059071611445,0.97878391,6.2562833,0.36393437,13,391
da02,1702059072111992,6.1554871,0.80335641,0.64039618,35,396
85ab,1702059072612051,0.97878158,6.2512336,0.37838939,14,401
da02,1702059073111997,6.1424479,0.80752289,0.63002878,33,406
85ab,1702059073612025,0.97017646,6.2316213,0.38310263,14,411
da02,1702059074112006,6.1309791,0.80141366,0.62481689,34,416
85ab,1702059074612016,0.9702341,6.23248,0.38378412,13,421
da02,1702059075112024,6.1328425,0.81934983,0.59745723,29,426
85ab,1702059075612005,0.97069812,6.2180948,0.38458368,14,431
da02,1702059076112024,6.143786,0.80115306,0.62970322,37,436
85ab,1702059076612088,0.96516651,6.2415638,0.38008055,12,441
da02,1702059077111194,6.1298738,0.81776637,0.59650558,29,446
85ab,1702059077611218,0.96427244,6.2434216,0.38335547,13,451
da02,1702059078112041,6.1340957,0.81157988,0.60117751,33,456
85ab,1702059078612051,0.96627825,6.2732568,0.36467305,11,461
da02,1702059079112568,6.1449122,0.80042,0.59883767,32,466
85ab,1702059079612039,0.9788574,6.2550669,0.37571034,15,471
da02,1702059080112041,6.1503229,0.79204273,0.62851012,36,476
85ab,1702059080612056,0.97782767,6.2523003,0.37794077,13,481
da02,1702059081112071,6.1528292,0.79085225,0.64771366,36,486
85ab,1702059081612073,0.96180338,6.2458892,0.37853232,13,491
da02,1702059082112108,6.1363606,0.79115838,0.59794247,29,496
85ab,1702059082611262,0.95635515,6.2521453,0.37394586,12,501
da02,1702059083111257,6.1376858,0.80194974,0.59473222,32,506
85ab,1702059083612932,0.95849758,6.2660174,0.36357605,12,511
da02,1702059084112078,6.1331453,0.80333942,0.61882311,36,516
85ab,1702059084612068,0.96758693,6.2755442,0.36743817,13,521
da02,1702059085112068,6.151659,0.79380184,0.636079,34,526
85ab,1702059085612086,0.97120756,6.2735505,0.36784956,13,531
da02,1702059086112076,6.1533113,0.81261683,0.62846631,31,536
85ab,1702059086612088,0.97862077,6.2660265,0.3710129,14,541
da02,1702059087112058,6.1448646,0.80573475,0.64172888,36,546
85ab,1702059087612154,0.97036487,6.2614789,0.37757826,13,551
da02,1702059088111316,6.1553779,0.79456878,0.64426136,34,556
85ab,1702059088611282,0.9667486,6.265379,0.37577802,13,561
da02,1702059089112092,6.14634,0.80091292,0.6376186,33,566
85ab,1702059089612093,0.95972621,6.2648029,0.36972159,12,571
da02,1702059090112626,6.1297121,0.81888592,0.60796374,30,576
85ab,1702059090612111,0.9703905,6.2465043,0.37533042,15,581
da02,1702059091112113,6.1165485,0.82679176,0.60346568,33,586
85ab,1702059091612126,0.95813626,6.2527585,0.36287865,12,591
da02,1702059092112120,6.11503,0.81406087,0.59952968,33,596
85ab,1702059092612111,0.963791,6.2691631,0.35751322,12,601
da02,1702059093112159,6.1119418,0.83116364,0.57886463,30,606
85ab,1702059093611320,0.9615733,6.2576947,0.35449758,13,611
da02,1702059094111292,6.1234484,0.82319266,0.62227619,37,616
85ab,1702059094612156,0.96490884,6.2710204,0.35248664,12,621
da02,1702059095112119,6.1213355,0.81790519,0.61206245,32,626
85ab,1702059095612116,0.9792304,6.2642655,0.36602154,14,631
da02,1702059096112122,6.125258,0.81032723,0.64902914,38,636
85ab,1702059096612147,0.973772,6.2569633,0.36952659,13,641
da02,1702059097112107,6.1188965,0.80035758,0.64034927,34,646
85ab,1702059097612162,0.96134859,6.261157,0.36393556,12,651
da02,1702059098112154,6.1188135,0.80771345,0.63915646,34,656
85ab,1702059098612131,0.97446012,6.281558,0.36152911,12,661
da02,1702059099111352,6.1279526,0.8204506,0.61575413,30,666
85ab,1702059099611314,0.9752804,6.2758145,0.36369058,13,671
da02,1702059100112126,6.1270704,0.84650785,0.60092068,30,676
85ab,1702059100612141,0.97019035,6.2649198,0.35834777,13,681
da02,1702059101112650,6.1394811,0.83363783,0.61285126,33,686
85ab,1702059101612147,0.9742415,6.2757277,0.3582142,12,691
da02,1702059102112155,6.1340494,0.84043956,0.58662468,29,696
85ab,1702059102612151,0.99084663,6.2798591,0.37114206,14,701
da02,1702059103112136,6.124537,0.83721733,0.56962609,30,706
85ab,1702059103612180,0.99143714,6.2685022,0.38425675,14,711
da02,1702059104112161,6.1375232,0.83446205,0.57660007,31,716
85ab,1702059104611495,0.99055296,6.2746058,0.3776913,13,721
da02,1702059105111337,6.1326275,0.8191877,0.60031635,36,726
85ab,1702059105612171,0.976154,6.266398,0.36968908,12,731
da02,1702059106112151,6.1260204,0.82971537,0.59888977,32,736
85ab,1702059106612160,0.970344,6.2620478,0.37460002,13,741
da02,1702059107112157,6.1183753,0.85170364,0.5919922,31,746
85ab,1702059107612160,0.94927853,6.2590723,0.36846748,12,751
da02,1702059108112171,6.1271152,0.83429956,0.62630045,37,756
85ab,1702059108612208,0.96399856,6.2477679,0.37282673,14,761
da02,1702059109112173,6.1362009,0.81374013,0.63683081,35,766
85ab,1702059109612193,0.9774853,6.2472434,0.37730202,14,771
da02,1702059110111501,6.1274724,0.8060801,0.6370554,35,776
85ab,1702059110611366,0.99836469,6.2643142,0.37926447,14,781
da02,1702059111112183,6.1446705,0.80232006,0.65156466,34,786
85ab,1702059111612183,0.97255039,6.2582583,0.36577696,12,791
da02,1702059112112706,6.122921,0.8293345,0.59173656,27,796
85ab,1702059112612199,0.97596729,6.2506409,0.37458396,14,801
da02,1702059113112180,6.1247511,0.8372547,0.60359138,33,806
85ab,1702059113612216,0.98574841,6.2530456,0.37897989,14,811
da02,1702059114112184,6.1186438,0.83068454,0.61031395,34,816
85ab,1702059114612211,0.96886468,6.2552671,0.37272409,12,821
da02,1702059115111375,6.1142464,0.81908852,0.63724041,38,826
85ab,1702059115612183,0.96315533,6.2733121,0.36043292,11,831
da02,1702059116112188,6.1196756,0.80898649,0.63745433,34,836
85ab,1702059116612198,0.975063,6.255527,0.37305552,15,841
da02,1702059117112204,6.1287484,0.80453837,0.6233322,32,846
85ab,1702059117612374,0.97427404,6.2825775,0.3647733,11,851
da02,1702059118112215,6.1298313,0.79791808,0.64070123,36,856
85ab,1702059118612244,0.97481155,6.272377,0.36472723,13,861
da02,1702059119112202,6.1249671,0.79940265,0.64999366,36,866
85ab,1702059119612204,0.98338586,6.2631783,0.37848681,14,871
da02,1702059120112241,6.1317997,0.81841993,0.62334174,29,876
85ab,1702059120611411,0.98635018,6.2585263,0.37554437,13,881
da02,1702059121112248,6.1291389,0.8293432,0.61628842,32,886
85ab,1702059121612192,0.98207885,6.2674117,0.36631951,12,891
da02,1702059122112213,6.1418195,0.82441694,0.63666016,35,896
85ab,1702059122612224,0.98860765,6.2718191,0.36450091,13,901
da02,1702059123112777,6.1470361,0.81556726,0.65184861,35,906
85ab,1702059123612267,0.98631805,6.2601094,0.36363554,13,911
da02,1702059124112236,6.158967,0.79630673,0.64797848,33,916
85ab,1702059124612228,0.97482407,6.2479777,0.3599039,13,921
da02,1702059125112242,6.161447,0.81824207,0.65978813,34,926
85ab,1702059125612276,0.97080439,6.2522993,0.36516571,13,931
da02,1702059126111425,6.1430135,0.8289625,0.65579486,34,936
85ab,1702059126612246,0.95906389,6.2545419,0.36967996,12,941
da02,1702059127112388,6.1371894,0.83452207,0.66612482,35,946
85ab,1702059127612138,0.970168,6.2467384,0.37991649,14,951
da02,1702059128112149,6.1271629,0.83737361,0.65841371,34,956
85ab,1702059128612213,0.97286755,6.2543421,0.36958182,13,961
da02,1702059129112156,6.1245232,0.84585649,0.6285708,30,966
85ab,1702059129612258,0.96578038,6.2639861,0.36192521,12,971
da02,1702059130112234,6.1272621,0.81824553,0.65458882,38,976
85ab,1702059130612260,0.9740867,6.2662582,0.37328556,14,981
da02,1702059131112270,6.1425676,0.82586515,0.66459423,34,986
85ab,1702059131611461,0.95974416,6.2757249,0.36618713,11,991
da02,1702059132111447,6.1447668,0.83309096,0.65460473,32,996
85ab,1702059132612274,0.94939655,6.2687778,0.36033505,12,1001
da02,1702059133112277,6.1358709,0.82261676,0.6462009,34,1006
85ab,1702059133612271,0.95972687,6.2662296,0.36426178,13,1011
da02,1702059134112816,6.145103,0.80334532,0.642653,34,1016
85ab,1702059134612264,0.98368961,6.2643185,0.36720681,14,1021
da02,1702059135112293,6.1369467,0.81308365,0.65689677,36,1026
85ab,1702059135612270,0.97607154,6.2501693,0.36835995,13,1031
da02,1702059136112277,6.1244845,0.82940829,0.6361168,32,1036
85ab,1702059136612304,0.9746176,6.2543583,0.37399334,13,1041
da02,1702059137111444,6.1340261,0.81363642,0.64093572,34,1046
85ab,1702059137611468,0.97615206,6.2930322,0.35935652,12,1051
da02,1702059138113858,6.1397839,0.81678456,0.6422838,33,1056
85ab,1702059138612288,0.97881836,6.2942834,0.35179573,12,1061
da02,1702059139112323,6.1412992,0.82672906,0.63762397,32,1066
85ab,1702059139612292,0.9691993,6.2847991,0.34714353,12,1071
da02,1702059140112292,6.1385345,0.81739604,0.63033634,33,1076
85ab,1702059140612308,0.96265274,6.290637,0.34505895,12,1081
da02,1702059141112298,6.1396155,0.82250041,0.632137,33,1086
85ab,1702059141612304,0.96415108,6.2897334,0.36002859,13,1091
da02,1702059142112340,6.142024,0.81222647,0.63265151,34,1096
85ab,1702059142611535,0.96205455,6.3025017,0.36155397,12,1101
da02,1702059143111960,6.1490774,0.81638986,0.62706667,32,1106
85ab,1702059143612278,0.96613878,6.3035069,0.34785569,12,1111
da02,1702059144112354,6.1610875,0.80299681,0.6296829,33,1116
85ab,1702059144612289,0.96616536,6.2795606,0.35528353,14,1121
da02,1702059145112830,6.1688995,0.79759878,0.62173659,31,1126
85ab,1702059145612350,0.96722579,6.2706709,0.36213452,13,1131
da02,1702059146112276,6.1560311,0.80610305,0.64054775,36,1136
85ab,1702059146612336,0.95970845,6.2513237,0.3668364,14,1141
da02,1702059147112222,6.1516304,0.80309379,0.64752328,35,1146
85ab,1702059147612309,0.94608968,6.2471185,0.36062154,12,1151
da02,1702059148111497,6.1623521,0.79747063,0.6951825,40,1156
85ab,1702059148611550,0.9557482,6.2404723,0.37256011,14,1161
da02,1702059149112322,6.16508,0.80778319,0.66956025,31,1166
85ab,1702059149612343,1.0328614,6.2485161,0.40165654,56,1171
da02,1702059150112327,6.1568737,0.81020695,0.62809765,29,1176
85ab,1702059150612322,1.0151224,6.2584887,0.38822159,12,1181
da02,1702059151112296,6.157546,0.80360907,0.65050775,36,1186
85ab,1702059151612389,1.002573,6.2685132,0.37499404,12,1191
da02,1702059152112338,6.1529961,0.80108088,0.66794151,37,1196
85ab,1702059152612336,0.98479193,6.2712321,0.36569017,12,1201
da02,1702059153112370,6.1501441,0.80180728,0.6717146,35,1206
85ab,1702059153611556,0.997875,6.2438383,0.3752625,16,1211
da02,1702059154111524,6.1646161,0.78112292,0.66780347,34,1216
85ab,1702059154612384,0.97803551,6.23466,0.36672398,13,1221
da02,1702059155112324,6.1534314,0.80067068,0.65614152,33,1226
85ab,1702059155612351,0.97471148,6.2496438,0.36316872,12,1231
da02,1702059156112882,6.1647043,0.78419465,0.66609681,35,1236
85ab,1702059156612364,0.97302258,6.2974463,0.34388152,14,1241
da02,1702059157112343,6.1561913,0.77991992,0.6656096,35,1246
85ab,1702059157612448,0.95494819,6.2762709,0.3488656,13,1251
da02,1702059158112446,6.1540923,0.78413677,0.66618437,35,1256
85ab,1702059158612468,0.95009303,6.2773046,0.35442981,12,1261
da02,1702059159111654,6.1597462,0.77576655,0.67346865,36,1266
85ab,1702059159611618,0.94652188,6.2621374,0.35609055,13,1271
da02,1702059160112978,6.1474237,0.803649,0.64453077,31,1276
85ab,1702059160612636,0.95249319,6.2609639,0.36157918,13,1281
da02,1702059161112446,6.1575279,0.77637178,0.69535059,41,1286
85ab,1702059161612483,0.96092439,6.25044,0.37224227,14,1291
da02,1702059162112386,6.1545339,0.78332442,0.69967371,36,1296
85ab,1702059162612327,0.95637763,6.2572222,0.37431136,12,1301
da02,1702059163112391,6.1593914,0.80475879,0.67287612,31,1306
85ab,1702059163612480,0.96431041,6.2603755,0.36811844,13,1311
da02,1702059164112428,6.1699967,0.78619957,0.66469258,33,1316
85ab,1702059164611670,0.98110688,6.2491393,0.36912149,14,1321
da02,1702059165111601,6.1477418,0.80134547,0.66438359,35,1326
85ab,1702059165612911,0.97988981,6.2429671,0.37354606,14,1331
da02,1702059166112372,6.1530037,0.80085224,0.6545105,33,1336
85ab,1702059166612431,0.96518767,6.250371,0.36939025,12,1341
da02,1702059167112981,6.1438131,0.80859047,0.63258797,32,1346
85ab,1702059167612474,0.95562583,6.2454252,0.36914989,13,1351
da02,1702059168112443,6.1456089,0.80712283,0.66120052,37,1356
85ab,1702059168612484,0.95644361,6.2480116,0.36889762,13,1361
da02,1702059169112478,6.1578965,0.81017262,0.66328621,33,1366
85ab,1702059169612435,0.95087248,6.2440724,0.370745,13,1371
da02,1702059170111827,6.1448193,0.79302967,0.656715,35,1376
85ab,1702059170611637,0.94021767,6.2397213,0.36188141,12,1381
da02,1702059171112450,6.1492772,0.79979962,0.6620481,34,1386
85ab,1702059171612476,0.95097125,6.2465224,0.370604,13,1391
da02,1702059172112467,6.1409249,0.80516982,0.68850154,38,1396
85ab,1702059172612499,0.94836384,6.2432227,0.35922486,12,1401
da02,1702059173112460,6.1310105,0.80937749,0.65701723,32,1406
85ab,1702059173612475,0.95099711,6.2329597,0.36620992,14,1411
da02,1702059174112510,6.1328912,0.70146811,0.6362046,65,1416
85ab,1702059174612486,0.96103418,6.2447124,0.35886705,13,1421
da02,1702059175111658,6.128231,0.73042345,0.64720231,36,1426
85ab,1702059175612516,0.96888417,6.239779,0.36087427,14,1431
da02,1702059176112466,6.1318879,0.74831867,0.64096379,33,1436
85ab,1702059176612478,0.96926492,6.2565784,0.36108994,12,1
da02,1702059177112507,6.1427054,0.76054877,0.65813583,35,6
85ab,1702059177612477,0.97678739,6.2514787,0.36776325,14,11
da02,1702059178113017,6.1549106,0.75833881,0.6675632,35,16
85ab,1702059178612512,0.98130429,6.2500262,0.37548172,14,21
da02,1702059179112445,6.1706028,0.75157762,0.6863842,36,26
85ab,1702059179612468,0.97645456,6.2361131,0.3767494,14,31
da02,1702059180112507,6.1634374,0.76103246,0.66440618,33,36
85ab,1702059180611938,0.96874017,6.2312355,0.38467285,14,41
da02,1702059181112718,6.1511784,0.7846781,0.62224078,29,46
85ab,1702059181612588,0.95716947,6.2536807,0.37665337,11,51
da02,1702059182112596,6.1379318,0.7849558,0.62052482,34,56
85ab,1702059182612598,0.94569814,6.2494388,0.36309329,12,61
da02,1702059183112640,6.1519227,0.78716344,0.64160621,35,66
85ab,1702059183612611,0.95083487,6.2457047,0.36431652,13,71
da02,1702059184112595,6.1518841,0.77500385,0.64952248,36,76
85ab,1702059184612649,0.9597249,6.2511706,0.36599657,13,81
da02,1702059185112602,6.157093,0.78356004,0.67636716,37,86
85ab,1702059185612631,0.96277046,6.2827344,0.3585048,11,91
da02,1702059186112122,6.1629825,0.79317927,0.67963046,34,96
85ab,1702059186612201,0.96830082,6.2771158,0.36343297,13,101
da02,1702059187112498,6.1751361,0.77732444,0.71143627,39,106
85ab,1702059187612554,0.98569328,6.2319098,0.39207068,66,111
da02,1702059188112490,6.1518517,0.82265639,0.64499241,27,116
85ab,1702059188612590,0.96810627,6.2289295,0.38453883,13,121
da02,1702059189113174,6.1529331,0.81367719,0.63651121,33,126
85ab,1702059189612579,0.97158706,6.2065926,0.38714433,15,131
da02,1702059190112625,6.1489406,0.80139983,0.64832014,36,136
85ab,1702059190612682,0.95640379,6.2190175,0.38121814,12,141
da02,1702059191113139,6.1490655,0.79088163,0.65878946,36,146
85ab,1702059191611786,0.96236724,6.2184138,0.39193484,14,151
da02,1702059192112680,6.141201,0.79971856,0.64790308,33,156
85ab,1702059192612630,0.98527634,6.2229886,0.38594288,14,161
da02,1702059193112633,6.14598,0.79220808,0.6686489,37,166
85ab,1702059193612710,0.98081118,6.2594252,0.37755907,11,171
da02,1702059194112633,6.1411533,0.81579214,0.63420242,29,176
85ab,1702059194612644,0.99164611,6.2492738,0.3777568,14,181
da02,1702059195112698,6.1356716,0.81683046,0.63007438,33,186
85ab,1702059195612644,0.991414,6.2527242,0.37694657,13,191
da02,1702059196112649,6.1488624,0.81930363,0.65195,35,196
85ab,1702059196613244,0.97567064,6.2794862,0.36332271,11,201
da02,1702059197111762,6.14389,0.79684889,0.66145444,37,206
85ab,1702059197612240,0.97431684,6.2808409,0.36871007,13,211
da02,1702059198112772,6.1489782,0.79333675,0.6710822,36,216
85ab,1702059198612680,0.96754062,6.2731676,0.37045506,13,221
da02,1702059199112656,6.1529531,0.79596663,0.66083306,33,226
85ab,1702059199612773,0.97840405,6.2686825,0.37176895,14,231
da02,1702059200113177,6.1581,0.78559667,0.67544985,36,236
85ab,1702059200612686,0.97491187,6.2508035,0.38349026,14,241
da02,1702059201112874,6.1443348,0.78542095,0.66417623,35,246
85ab,1702059201612666,0.975539,6.2507668,0.38890168,14,251
da02,1702059202113156,6.1440592,0.77517271,0.68044043,38,256
85ab,1702059202612035,0.95792955,6.2434897,0.3822847,13,261
da02,1702059203111828,6.1374826,0.79994667,0.63874429,29,266
85ab,1702059203612692,0.94544166,6.2429161,0.37723863,12,271
da02,1702059204113029,6.1335578,0.80202985,0.63822424,34,276
85ab,1702059204612655,0.9505623,6.233285,0.38572508,14,281
da02,1702059205112684,6.1286106,0.80225289,0.61173081,31,286
85ab,1702059205612810,0.94170195,6.2481446,0.38156188,12,291
da02,1702059206112686,6.1223454,0.79678667,0.615815,35,296
85ab,1702059206612711,0.95043451,6.23524,0.37733081,14,301
da02,1702059207112719,6.1275806,0.80907208,0.61065269,32,306
85ab,1702059207613221,0.947115,6.2225313,0.37906417,14,311
da02,1702059208111868,6.1354833,0.80932164,0.6076895,32,316
85ab,1702059208611860,0.9587692,6.2340751,0.37510136,13,321
da02,1702059209112721,6.1310973,0.80930978,0.62743044,36,326
85ab,1702059209612771,0.95550632,6.250875,0.37217698,12,331
da02,1702059210112720,6.1403294,0.8269642,0.60370028,29,336
85ab,1702059210612731,0.95389283,6.222209,0.3743751,14,341
da02,1702059211113256,6.1652532,0.79593343,0.68705124,43,346
85ab,1702059211612733,0.96056134,6.261013,0.36574414,11,351
da02,1702059212112812,6.18578,0.77253228,0.71113628,37,356
85ab,1702059212613222,0.95393068,6.25507,0.3719539,13,361
da02,1702059213112761,6.1763,0.76646793,0.71997935,38,366
85ab,1702059213611913,0.95734131,6.2664986,0.36824286,12,371
da02,1702059214111868,6.1727009,0.77682692,0.719858,36,376
85ab,1702059214612762,0.95885938,6.2591982,0.36627641,13,381
da02,1702059215114436,6.1475391,0.79633892,0.66938674,31,386
85ab,1702059215612753,0.97084564,6.2453594,0.37398612,14,391
da02,1702059216112742,6.1438704,0.80719709,0.64591056,31,396
85ab,1702059216612757,0.96422452,6.2630248,0.36737493,12,401
da02,1702059217112755,6.1440525,0.83425069,0.63427627,31,406
85ab,1702059217613227,0.97615582,6.2563138,0.36952609,14,411
da02,1702059218112758,6.1533976,0.81526667,0.63795346,34,416
85ab,1702059218612760,0.97075546,6.2843084,0.35991278,11,421
da02,1702059219112132,6.1580081,0.82491457,0.63504207,32,426
85ab,1702059219611895,0.96663642,6.30453,0.36082527,11,431
da02,1702059220112744,6.1610656,0.83925891,0.63478577,32,436
85ab,1702059220612767,0.95892942,6.2814422,0.36128733,13,441
da02,1702059221112751,6.1477647,0.84112781,0.64419746,35,446
85ab,1702059221612766,0.96429724,6.27852,0.36824808,13,451
da02,1702059222113274,6.1433334,0.86144239,0.59994477,27,456
85ab,1702059222613224,0.95864123,6.3019881,0.35334626,11,461
da02,1702059223112751,6.13593,0.83801508,0.59861928,33,466
85ab,1702059223612784,0.9601658,6.278841,0.36043382,14,471
da02,1702059224112824,6.1480851,0.81489408,0.60448986,33,476
85ab,1702059224612170,0.95076895,6.3006315,0.35119686,10,481
da02,1702059225111922,6.1456971,0.81085241,0.6291979,36,486
85ab,1702059225612790,0.95902187,6.2772551,0.35574567,14,491
da02,1702059226112787,6.1635327,0.800299,0.69174659,41,496
85ab,1702059226612808,0.96291232,6.2814198,0.36277413,13,501
da02,1702059227112797,6.144424,0.81199473,0.65884984,32,506
85ab,1702059227612778,0.96549463,6.2904873,0.36332244,12,511
da02,1702059228113280,6.1524963,0.81557804,0.65964627,33,516
85ab,1702059228612825,0.9681806,6.2672968,0.37163892,14,521
da02,1702059229112807,6.1498575,0.82024664,0.64904016,33,526
85ab,1702059229612823,0.99475789,6.2520986,0.37308228,15,531
da02,1702059230113041,6.1422734,0.8132264,0.626959,32,536
85ab,1702059230611956,0.99487919,6.2580805,0.36883324,13,541
da02,1702059231112816,6.1366377,0.80630648,0.6572727,38,546
85ab,1702059231612808,0.98630506,6.259192,0.36291495,13,551
da02,1702059232112808,6.1421757,0.80645746,0.67010528,36,556
85ab,1702059232612813,0.98300254,6.2728014,0.36773998,12,561
da02,1702059233113866,6.1387467,0.80072761,0.68071628,37,566
85ab,1702059233612818,0.9744693,6.2891541,0.3575125,11,571
da02,1702059234112828,6.1382709,0.79613584,0.67513829,35,576
85ab,1702059234612830,0.98392421,6.3018384,0.35809222,12,581
da02,1702059235111980,6.1314025,0.81012857,0.669428,34,586
85ab,1702059235612827,0.99134111,6.2795649,0.37202036,15,591
da02,1702059236112820,6.1314654,0.82895881,0.63846004,30,596
85ab,1702059236612804,0.99517661,6.2836118,0.36908063,13,601
da02,1702059237112822,6.1489973,0.82915688,0.66559732,35,606
85ab,1702059237612813,0.98685873,6.2447228,0.37839702,15,611
da02,1702059238112840,6.156312,0.82366318,0.68030936,36,616
85ab,1702059238613691,0.97949326,6.2333913,0.38203359,14,621
da02,1702059239112838,6.1670957,0.83016819,0.68490338,34,626
85ab,1702059239612841,0.97292429,6.23927,0.37516335,13,631
da02,1702059240112851,6.1626654,0.82474136,0.68319571,35,636
85ab,1702059240611973,0.96398228,6.2311082,0.37537944,13,641
da02,1702059241112877,6.173594,0.83224815,0.65711147,30,646
85ab,1702059241612838,0.96558851,6.2646813,0.36755577,11,651
da02,1702059242112858,6.158699,0.82401156,0.65276486,34,656
85ab,1702059242612858,0.96140873,6.2549014,0.3665469,13,661
da02,1702059243112916,6.1530561,0.83930463,0.64099485,32,666
85ab,1702059243613358,0.96732748,6.2460303,0.3690047,14,671
da02,1702059244113413,6.1583858,0.82443106,0.64344746,34,676
85ab,1702059244612868,0.96988803,6.2571697,0.3706426,13,681
da02,1702059245112874,6.1512337,0.81928736,0.64772105,35,686
85ab,1702059245612873,0.976371,6.2375975,0.3798272,15,691
da02,1702059246112008,6.1454144,0.81249118,0.640299,33,696
85ab,1702059246612000,0.97383952,6.2502995,0.37232476,12,701
da02,1702059247112869,6.128334,0.83175087,0.61725914,31,706
85ab,1702059247612860,0.97156447,6.2534933,0.36996147,13,711
da02,1702059248112878,6.1335163,0.83036226,0.61810696,33,716
85ab,1702059248613358,0.97748417,6.249023,0.36993045,14,721
da02,1702059249112886,6.1304131,0.8239485,0.625796,34,726
85ab,1702059249612836,0.97976178,6.2300811,0.37463376,15,731
da02,1702059250112830,6.1428351,0.82213187,0.58257097,27,736
85ab,1702059250612809,0.97855026,6.24579,0.36902258,12,741
da02,1702059251112844,6.1518922,0.80806726,0.61016905,35,746
85ab,1702059251612000,0.99429518,6.2298946,0.386687,16,751
da02,1702059252112004,6.1483035,0.79285276,0.643184,38,756
85ab,1702059252612831,0.97745645,6.2278357,0.38291475,13,761
da02,1702059253112839,6.1511173,0.7860322,0.65170962,35,766
85ab,1702059253612838,0.97040677,6.2336931,0.36785609,12,771
da02,1702059254113312,6.1388555,0.80835205,0.65146375,34,776
85ab,1702059254612838,0.96352106,6.2400479,0.36857525,13,781
da02,1702059255113386,6.1334467,0.79844445,0.64795756,35,786
85ab,1702059255612820,0.96137083,6.2414551,0.360854,13,791
da02,1702059256112847,6.1322269,0.81106192,0.62365979,31,796
85ab,1702059256612889,0.96978748,6.24686,0.36476254,13,801
da02,1702059257111976,6.1386142,0.804536,0.62160158,33,806
85ab,1702059257612008,0.9765299,6.252604,0.36193281,13,811
da02,1702059258112856,6.1268005,0.81817847,0.58089393,28,816
85ab,1702059258612858,0.98799831,6.2424974,0.37189597,15,821
da02,1702059259113320,6.134006,0.81970626,0.62885666,38,826
85ab,1702059259612854,0.98797387,6.2607546,0.36662954,12,831
da02,1702059260112864,6.1338024,0.80784267,0.61658835,32,836
85ab,1702059260612872,0.97023112,6.2634463,0.35590166,12,841
da02,1702059261112883,6.1317229,0.81672984,0.59719479,30,846
85ab,1702059261612880,0.95534343,6.25186,0.36925179,13,851
da02,1702059262112883,6.1594872,0.80600464,0.60533381,31,856
85ab,1702059262612057,0.95293695,6.24961,0.37267327,13,861
da02,1702059263112028,6.1584344,0.80365324,0.60313791,32,866
85ab,1702059263612874,0.941353,6.2522726,0.36560184,12,871
da02,1702059264113708,6.1525016,0.79800642,0.63546228,37,876
85ab,1702059264612844,0.95482552,6.2525897,0.36510977,13,881
da02,1702059265112877,6.1620755,0.79445869,0.64915836,35,886
85ab,1702059265612886,0.95326203,6.2516913,0.37068808,13,891
da02,1702059266113386,6.1628013,0.80242604,0.65491581,34,896
85ab,1702059266612882,0.93868822,6.2433472,0.36521429,12,901
da02,1702059267112858,6.1555634,0.81263685,0.6400764,32,906
85ab,1702059267612918,0.9336046,6.2366691,0.36233386,13,911
da02,1702059268112066,6.1515841,0.81087333,0.6334396,33,916
85ab,1702059268612057,0.94713223,6.231802,0.37177292,14,921
da02,1702059269112912,6.1566877,0.79832977,0.65424782,36,926
85ab,1702059269613372,0.96272063,6.229126,0.37694058,14,931
da02,1702059270112898,6.1514354,0.80656707,0.60940576,28,936
85ab,1702059270612917,0.96718216,6.2414045,0.37526172,13,941
da02,1702059271112911,6.1531439,0.80654633,0.60176671,31,946
85ab,1702059271612910,0.97705734,6.2403774,0.37642881,14,951
da02,1702059272112906,6.1427593,0.82636011,0.5838747,30,956
85ab,1702059272612914,0.99129808,6.2347164,0.38091257,15,961
da02,1702059273112942,6.1583138,0.82837903,0.60315895,33,966
85ab,1702059273612130,0.98969656,6.2355013,0.38217896,14,971
da02,1702059274112085,6.1617475,0.83481348,0.63356918,35,976
85ab,1702059274613424,0.99169111,6.2295322,0.39104694,14,981
da02,1702059275112923,6.1584787,0.82628626,0.6555739,36,986
85ab,1702059275612956,0.99069709,6.2421269,0.38785574,13,991
da02,1702059276112923,6.1528893,0.80314595,0.65483415,35,996
85ab,1702059276612956,0.98270911,6.2456684,0.38689449,13,1001
da02,1702059277113448,6.1405888,0.805103,0.64800239,34,1006
85ab,1702059277612936,0.98584265,6.2308927,0.3870855,14,1011
da02,1702059278112930,6.1521711,0.79746735,0.65033269,34,1016
85ab,1702059278612959,0.98631072,6.2453995,0.38414305,13,1021
da02,1702059279112307,6.1470208,0.806229,0.63759369,32,1026
85ab,1702059279612112,0.96822888,6.2337542,0.3776826,13,1031
da02,1702059280113434,6.1310635,0.81633115,0.60769343,30,1036
85ab,1702059280612961,0.97886825,6.2415032,0.38041565,14,1041
da02,1702059281112941,6.1239624,0.83407247,0.596859,31,1046
85ab,1702059281612958,0.97793,6.2373724,0.3750881,13,1051
da02,1702059282112943,6.1404672,0.82400095,0.62471038,35,1056
85ab,1702059282612958,0.97713214,6.2525144,0.37295285,13,1061
da02,1702059283112950,6.1386371,0.80808789,0.64814579,37,1066
85ab,1702059283612964,0.9854992,6.2422924,0.38565123,15,1071
da02,1702059284113002,6.1524315,0.79981983,0.62831414,31,1076
85ab,1702059284612402,0.97742879,6.2740951,0.36914027,11,1081
da02,1702059285112129,6.1535444,0.79293835,0.61920071,32,1086
85ab,1702059285613436,0.97167289,6.26182,0.37512681,13,1091
da02,1702059286112963,6.1553006,0.8179701,0.61641866,31,1096
85ab,1702059286612974,0.97535342,6.2453775,0.38044459,14,1101
da02,1702059287112990,6.1628036,0.813115,0.61979479,32,1106
85ab,1702059287612956,0.97599888,6.2429361,0.37583822,13,1111
da02,1702059288113518,6.1688051,0.82018381,0.6201365,32,1116
85ab,1702059288612981,0.97643447,6.2390122,0.3771508,14,1121
da02,1702059289112986,6.1813793,0.79053968,0.62044537,33,1126
85ab,1702059289613016,0.9695031,6.2291083,0.38014013,14,1131
da02,1702059290113254,6.1668139,0.80236721,0.62083262,33,1136
85ab,1702059290612155,0.96396828,6.2286415,0.37701732,13,1141
da02,1702059291113486,6.1475811,0.83165663,0.60822183,31,1146
85ab,1702059291612982,0.98008972,6.2543488,0.36853045,13,1151
da02,1702059292115244,6.1450248,0.83364272,0.61530572,33,1156
85ab,1702059292613007,0.99123174,6.2457376,0.39012361,15,1161
da02,1702059293113000,6.2727995,0.6847412,0.96068704,67,1166
85ab,1702059293613013,0.98056668,6.2487922,0.38867587,13,1171
da02,1702059294112994,6.2505264,0.71492106,0.90187854,36,1176
85ab,1702059294613009,0.98023677,6.2418685,0.38614488,14,1181
da02,1702059295112172,6.2222333,0.74832129,0.83653307,33,1186
85ab,1702059295613010,0.97428751,6.2457652,0.37186393,12,1191
da02,1702059296113496,6.2208552,0.76878655,0.79780471,33,1196
85ab,1702059296613010,0.97736436,6.2387571,0.37196043,14,1201
da02,1702059297113008,6.191781,0.79905295,0.74892533,32,1206
85ab,1702059297613150,0.98103195,6.2501712,0.37366098,13,1211
da02,1702059298113032,6.1864309,0.81208992,0.72479469,33,1216
85ab,1702059298613026,0.97875077,6.2842712,0.36361521,11,1221
da02,1702059299113532,6.1742692,0.79664695,0.71783,36,1226
85ab,1702059299613014,0.98136681,6.2604141,0.37417591,15,1231
da02,1702059300113068,6.1638217,0.80635315,0.67383677,30,1236
85ab,1702059300612200,0.98046046,6.252121,0.37590408,14,1241
da02,1702059301113543,6.1641221,0.81027406,0.6811623,35,1246
85ab,1702059301613022,0.98264909,6.2586503,0.37546211,13,1251
da02,1702059302113036,6.1653137,0.80646253,0.67470968,34,1256
85ab,1702059302613039,0.98208696,6.2636738,0.37812486,13,1261
da02,1702059303113077,6.1601696,0.78469628,0.67079222,35,1266
85ab,1702059303613053,0.979542,6.2628202,0.37668753,13,1271
da02,1702059304113042,6.1576772,0.77938986,0.68911362,38,1276
85ab,1702059304613047,0.97031492,6.264379,0.38236651,13,1281
da02,1702059305113063,6.1543813,0.76936048,0.70330572,38,1286
85ab,1702059305613086,0.96821254,6.2737722,0.37267119,12,1291
da02,1702059306112216,6.1327024,0.80347961,0.68164134,33,1296
85ab,1702059306612514,0.96371162,6.2558722,0.37533692,14,1301
da02,1702059307113056,6.12269,0.81828737,0.64203721,30,1306
85ab,1702059307613035,0.96292937,6.2429934,0.37287205,14,1311
da02,1702059308113062,6.1338449,0.809547,0.64286888,34,1316
85ab,1702059308613067,0.96121138,6.2345948,0.37411764,14,1321
da02,1702059309113068,6.1300883,0.80901271,0.64680451,35,1326
85ab,1702059309613059,0.96530092,6.2228823,0.38354912,14,1331
da02,1702059310113602,6.14337,0.79778838,0.61426544,29,1336
85ab,1702059310613067,0.97762418,6.2427063,0.39433116,14,1341
da02,1702059311113106,6.1462131,0.81336385,0.62819606,34,1346
85ab,1702059311612600,0.96830368,6.227139,0.38577688,13,1351
da02,1702059312112237,6.1341138,0.8143608,0.62016839,33,1356
85ab,1702059312613100,0.97141659,6.261169,0.37134805,11,1361
da02,1702059313113115,6.1435947,0.80078673,0.62794244,34,1366
85ab,1702059313613076,0.97953248,6.243629,0.37600741,15,1371
da02,1702059314113084,6.1501207,0.80697191,0.64280665,34,1376
85ab,1702059314613084,0.98083025,6.25016,0.37977979,13,1381
da02,1702059315113098,6.1476727,0.80190164,0.63018352,32,1386
85ab,1702059315613099,0.98076439,6.2662077,0.37448442,12,1391
da02,1702059316113094,6.150044,0.799273,0.66342217,38,1396
85ab,1702059316613612,0.97935218,6.263742,0.36792862,13,1401
da02,1702059317112240,6.1508508,0.80715144,0.66867322,35,1406
85ab,1702059317612246,0.974614,6.280508,0.36077544,12,1411
da02,1702059318113103,6.1508479,0.80364186,0.66253912,34,1416
85ab,1702059318613103,0.98580927,6.26761,0.37188372,14,1421
da02,1702059319113098,6.1457548,0.79333842,0.65436357,34,1426
85ab,1702059319613106,0.99318272,6.2577953,0.37569287,14,1431
da02,1702059320113116,6.1509624,0.79001725,0.66332,35,1436
85ab,1702059320613137,0.98894668,6.2753325,0.36988553,12,1
da02,1702059321113666,6.1542735,0.80166453,0.68677044,37,6
85ab,1702059321613595,0.97049022,6.2662234,0.37423131,13,11
da02,1702059322113154,6.1369224,0.8056885,0.64287776,31,16
85ab,1702059322612299,0.95742106,6.2584314,0.37146676,13,21
da02,1702059323112284,6.1147408,0.84026462,0.60378671,29,26
85ab,1702059323613124,0.955618,6.2814894,0.36217478,11,31
da02,1702059324113498,6.11496,0.83630061,0.61673921,35,36
85ab,1702059324613097,0.95246679,6.2579088,0.36672086,14,41
da02,1702059325113131,6.1064649,0.83729416,0.59347135,31,46
85ab,1702059325613126,0.95982385,6.2762523,0.36619973,12,51
da02,1702059326113134,6.1177945,0.83174407,0.6297248,37,56
85ab,1702059326613120,0.95558387,6.2574553,0.37248421,14,61
da02,1702059327113589,6.1202526,0.82771915,0.6491155,36,66
85ab,1702059327613153,0.96728015,6.1787052,0.40566447,66,71
da02,1702059328112304,6.1341767,0.80967903,0.64836752,34,76
85ab,1702059328612296,0.96414161,6.2181621,0.38538516,11,81
da02,1702059329113138,6.139925,0.81272572,0.65553844,34,86
85ab,1702059329613147,0.9773702,6.23136,0.37693748,13,91
da02,1702059330113134,6.1434293,0.817893,0.62429339,29,96
85ab,1702059330613159,0.96837008,6.2230921,0.38198376,14,101
da02,1702059331113154,6.1476588,0.8180595,0.64796728,36,106
85ab,1702059331613160,0.9764927,6.2349157,0.37931228,13,111
da02,1702059332114560,6.1506181,0.80487794,0.64716625,34,116
85ab,1702059332613144,0.98436457,6.23747,0.381645,14,121
da02,1702059333113301,6.1436858,0.81112093,0.65985179,36,126
85ab,1702059333612355,0.97616279,6.2361665,0.38219544,13,131
da02,1702059334112335,6.1425509,0.81110144,0.66036838,34,136
85ab,1702059334613182,0.97293127,6.2354708,0.38110292,13,141
da02,1702059335113168,6.1489387,0.80857563,0.679631,36,146
85ab,1702059335613173,0.98379791,6.2481236,0.38455719,14,151
da02,1702059336113174,6.1382113,0.82611597,0.64105648,30,156
85ab,1702059336613191,0.99312842,6.2394104,0.38587868,14,161
da02,1702059337113661,6.1393127,0.83462691,0.63453484,32,166
85ab,1702059337613183,0.99506146,6.2550459,0.37965414,13,171
da02,1702059338113182,6.1381192,0.80984211,0.63794804,35,176
85ab,1702059338613216,0.99758971,6.2421017,0.38397703,14,181
da02,1702059339112383,6.126616,0.82660013,0.61414522,31,186
85ab,1702059339612355,0.98975354,6.2548056,0.37507361,12,191
da02,1702059340113210,6.1467619,0.81349021,0.63349849,34,196
85ab,1702059340613205,0.99032384,6.2521043,0.37943053,14,201
da02,1702059341113214,6.1474333,0.80675906,0.65879405,37,206
85ab,1702059341613198,0.99000371,6.2419848,0.3879813,14,211
da02,1702059342113690,6.1610818,0.7867679,0.68280637,37,216
85ab,1702059342613208,0.99013722,6.2373204,0.39213669,14,221
da02,1702059343113732,6.1393976,0.81440318,0.65552515,32,226
85ab,1702059343613224,0.99352014,6.2505112,0.38697088,13,231
da02,1702059344113228,6.1209073,0.827786,0.63209665,32,236
85ab,1702059344613172,0.98841387,6.2730851,0.38367733,12,241
da02,1702059345112364,6.1346679,0.82877278,0.64360917,34,246
85ab,1702059345613208,0.96427619,6.2873325,0.37206748,11,251
da02,1702059346113218,6.1269488,0.84499317,0.58110517,26,256
85ab,1702059346613224,0.97601342,6.27244,0.37132937,14,261
da02,1702059347113244,6.1535406,0.83993292,0.59894031,32,266
85ab,1702059347613685,0.97719896,6.2681365,0.36897314,13,271
da02,1702059348113214,6.171855,0.82262826,0.66024238,39,276
85ab,1702059348613225,0.97370839,6.2594481,0.37118617,13,281
da02,1702059349113256,6.1675353,0.81297731,0.64640516,33,286
85ab,1702059349613265,0.98279464,6.2498608,0.37400842,14,291
da02,1702059350113494,6.1737509,0.80175221,0.64090216,33,296
85ab,1702059350612344,0.98266262,6.2329268,0.37635726,14,301
da02,1702059351113245,6.1700058,0.80867541,0.66868865,37,306
85ab,1702059351613247,0.98764545,6.2462392,0.36860728,13,311
da02,1702059352113198,6.1781578,0.79339468,0.65984243,33,316
85ab,1702059352613726,0.98305023,6.2357683,0.3687844,14,321
da02,1702059353113242,6.1656809,0.781153,0.68062651,38,326
85ab,1702059353613132,0.99111348,6.2564206,0.36585936,13,331
da02,1702059354113785,6.1648612,0.80199939,0.66862148,32,336
85ab,1702059354613268,0.98494482,6.2385349,0.36685452,14,341
da02,1702059355112390,6.1709633,0.81010848,0.67006296,33,346
85ab,1702059355613272,0.977013,6.2208414,0.37183392,14,351
da02,1702059356113264,6.1492972,0.81348026,0.64559895,33,356
85ab,1702059356613122,0.99013346,6.2257948,0.37897155,14,361
da02,1702059357113230,6.1549821,0.81022954,0.65118551,34,366
85ab,1702059357613724,0.97948474,6.221549,0.37377229,13,371
da02,1702059358113201,6.1647105,0.80052167,0.66223389,35,376
85ab,1702059358613744,0.97947586,6.2471809,0.362439,12,381
da02,1702059359113291,6.1851115,0.78967643,0.68859988,36,386
85ab,1702059359613197,0.97758365,6.2504506,0.36492312,13,391
da02,1702059360113316,6.1715407,0.80091459,0.70645142,38,396
85ab,1702059360612454,0.972247,6.2422714,0.36337993,13,401
da02,1702059361113245,6.1607432,0.803241,0.702577,36,406
85ab,1702059361613271,0.96966153,6.228076,0.36850289,14,411
da02,1702059362113292,6.1680527,0.79864097,0.70304143,35,416
85ab,1702059362613694,0.96116024,6.2489314,0.36268649,12,421
da02,1702059363113297,6.17099,0.793641,0.70660424,36,426
85ab,1702059363613295,0.97690791,6.2593713,0.36047113,13,431
da02,1702059364113248,6.1710591,0.7866233,0.6967268,34,436
85ab,1702059364613328,0.98106462,6.2573504,0.36666325,14,441
da02,1702059365113804,6.1489563,0.80864036,0.66982907,32,446
85ab,1702059365613252,0.98816991,6.2696309,0.36587381,13,451
da02,1702059366112476,6.1374769,0.81392556,0.66470361,35,456
85ab,1702059366613347,0.97395241,6.2520723,0.36979243,13,461
da02,1702059367113256,6.1352649,0.81945652,0.65426892,33,466
85ab,1702059367613292,0.98105657,6.2731876,0.36374325,12,471
da02,1702059368113795,6.1282449,0.81980306,0.65941137,35,476
85ab,1702059368613234,0.99891496,6.2573638,0.36668849,15,481
da02,1702059369114947,6.1389976,0.8219651,0.67630082,36,486
85ab,1702059369613300,0.99033028,6.245513,0.37443271,14,491
da02,1702059370113255,6.1363468,0.83532488,0.62879825,28,496
85ab,1702059370613312,0.97955072,6.2410822,0.3767069,13,501
da02,1702059371113336,6.1468244,0.81372643,0.646545,36,506
85ab,1702059371612440,0.97693205,6.2465806,0.37372756,13,511
da02,1702059372112490,6.1628995,0.79934615,0.65511781,34,516
85ab,1702059372613328,0.97779918,6.2490087,0.37872726,13,521
da02,1702059373113236,6.1595235,0.77259928,0.67371196,38,526
85ab,1702059373613224,0.96146882,6.2728658,0.36281171,11,531
da02,1702059374113242,6.1568,0.77059138,0.67363805,35,536
85ab,1702059374613216,0.97342318,6.2712545,0.37029955,14,541
da02,1702059375113254,6.1690135,0.78196764,0.68132472,34,546
85ab,1702059375613276,0.96619707,6.2845888,0.35999343,11,551
da02,1702059376113755,6.1650791,0.77199155,0.69740194,38,556
85ab,1702059376613312,0.98057157,6.2628732,0.37467995,15,561
da02,1702059377112443,6.1448693,0.79252988,0.64668208,30,566
85ab,1702059377612450,0.9755286,6.2629232,0.37125054,13,571
da02,1702059378113449,6.1651521,0.79935813,0.66204655,34,576
85ab,1702059378613284,0.96777612,6.2614193,0.36613697,12,581
da02,1702059379113256,6.1550474,0.81076431,0.65409917,33,586
85ab,1702059379613224,0.96630841,6.2479949,0.36851323,14,591
da02,1702059380113281,6.1531992,0.81395715,0.65226704,34,596
85ab,1702059380613304,0.98355514,6.2423868,0.37715814,15,601
da02,1702059381113284,6.1465921,0.81904507,0.66330087,36,606
85ab,1702059381613303,0.97526085,6.2455969,0.37000364,13,611
da02,1702059382113629,6.1495657,0.82038593,0.65205866,32,616
85ab,1702059382612508,0.97509158,6.2509294,0.37571368,13,621
da02,1702059383112488,6.1487513,0.81497127,0.66313308,36,626
85ab,1702059383613352,0.97571111,6.286819,0.36787638,11,631
da02,1702059384113310,6.1661525,0.82162464,0.662202,32,636
85ab,1702059384613264,0.99275231,6.2804637,0.37456661,14,641
da02,1702059385113382,6.1643515,0.81311733,0.63613576,31,646
85ab,1702059385613268,0.97889346,6.2563,0.37301221,13,651
da02,1702059386113255,6.1373415,0.83246154,0.60241771,30,656
85ab,1702059386613403,0.980351,6.2540588,0.37946182,14,661
da02,1702059387113307,6.142911,0.82440287,0.58923978,30,666
85ab,1702059387613308,0.98343021,6.2612405,0.36740834,13,671
da02,1702059388112519,6.1319742,0.81677628,0.60130489,35,676
85ab,1702059388612492,0.98371696,6.2612476,0.37809032,14,681
da02,1702059389113354,6.1252065,0.82133722,0.5731585,29,686
85ab,1702059389613282,0.97505087,6.2510633,0.37088472,13,691
da02,1702059390113319,6.1433244,0.81118751,0.61204052,36,696
85ab,1702059390613262,0.96457249,6.2418866,0.36298782,13,701
da02,1702059391113356,6.14718,0.81898761,0.63188195,34,706
85ab,1702059391613274,0.96102387,6.2373857,0.3620894,13,711
da02,1702059392113320,6.1453876,0.82014704,0.6455124,35,716
85ab,1702059392613356,0.96482754,6.2588916,0.36003089,12,721
da02,1702059393113381,6.127604,0.82480371,0.60987878,30,726
85ab,1702059393612552,0.96631533,6.265007,0.35437694,12,731
da02,1702059394112528,6.1184211,0.82873523,0.63879025,37,736
85ab,1702059394613324,0.9640857,6.2642379,0.35847118,13,741
da02,1702059395113371,6.1253395,0.83214128,0.61427152,30,746
85ab,1702059395613333,0.974735,6.2676058,0.36038998,13,751
da02,1702059396113357,6.11723,0.84100324,0.61131006,33,756
85ab,1702059396613340,0.97006559,6.246387,0.36722931,14,761
da02,1702059397113384,6.1240797,0.83083135,0.62325406,34,766
85ab,1702059397613298,0.95962632,6.2702966,0.36127016,11,771
da02,1702059398113862,6.1365509,0.83370304,0.61264741,31,776
85ab,1702059398613377,0.95518452,6.26751,0.35284314,12,781
da02,1702059399112566,6.1293187,0.82329077,0.59436023,31,786
85ab,1702059399612551,0.9604944,6.2644391,0.35462439,13,791
da02,1702059400113412,6.1501861,0.80599684,0.60900187,33,796
85ab,1702059400613319,0.95000005,6.2478833,0.35204989,13,801
da02,1702059401113361,6.1538954,0.80442542,0.630092,35,806
85ab,1702059401613354,0.96568626,6.2592916,0.34960189,13,811
da02,1702059402113394,6.1537547,0.80548179,0.64947444,36,816
85ab,1702059402613338,0.96761721,6.2412605,0.36065778,14,821
da02,1702059403113399,6.1571431,0.814475,0.65468609,34,826
85ab,1702059403613373,0.94613647,6.2524662,0.35459197,11,831
da02,1702059404113448,6.1400461,0.8086611,0.62659305,32,836
85ab,1702059404613300,0.94355446,6.2257671,0.36288959,14,841
da02,1702059405112538,6.1506662,0.79322076,0.600765,30,846
85ab,1702059405613376,0.94120568,6.2273893,0.36623898,13,851
da02,1702059406113422,6.1381931,0.79631132,0.61246085,35,856
85ab,1702059406613342,0.95369065,6.2214775,0.36545604,14,861
da02,1702059407113396,6.1454015,0.78736812,0.60246265,31,866
85ab,1702059407613373,0.95678633,6.2519174,0.36126071,12,871
da02,1702059408113390,6.1616216,0.79437447,0.63177216,35,876
85ab,1702059408613385,0.95660406,6.2502213,0.36224034,13,881
da02,1702059409113907,6.1545439,0.81333816,0.60981756,30,886
85ab,1702059409613406,0.9491573,6.2510343,0.36579713,13,891
da02,1702059410113657,6.1426616,0.8254692,0.63409764,36,896
85ab,1702059410612602,0.93373823,6.2516446,0.36437577,12,901
da02,1702059411113471,6.1531267,0.81574327,0.6514228,35,906
85ab,1702059411613379,0.95585245,6.2666073,0.36928225,13,911
da02,1702059412113438,6.1352448,0.83552539,0.65649438,35,916
85ab,1702059412613368,0.95953476,6.2630606,0.36788744,13,921
da02,1702059413113414,6.1421204,0.81199795,0.69491255,40,926
85ab,1702059413613404,0.96765977,6.2582955,0.3740409,14,931
da02,1702059414113401,6.1548805,0.80202216,0.69039255,34,936
85ab,1702059414613394,0.96909732,6.2438459,0.37774256,14,941
da02,1702059415112614,6.1598792,0.81854588,0.67046237,31,946
85ab,1702059415613415,0.9658373,6.2587919,0.36976621,12,951
da02,1702059416113442,6.1553946,0.81799644,0.65524471,33,956
85ab,1702059416613376,0.95283931,6.2855945,0.3572965,10,961
da02,1702059417113403,6.1516862,0.8213883,0.65226978,33,966
85ab,1702059417613444,0.9608525,6.2636271,0.3681055,14,971
da02,1702059418113693,6.16301,0.80578631,0.66434646,35,976
85ab,1702059418613389,0.95676905,6.2597046,0.36454114,13,981
da02,1702059419113441,6.1695471,0.8041597,0.67938691,36,986
85ab,1702059419613639,0.97130275,6.2689691,0.37243411,13,991
da02,1702059420114081,6.1526918,0.814968,0.63835669,30,996
85ab,1702059420612618,0.97831577,6.26413,0.37509674,14,1001
da02,1702059421112724,6.1548,0.7954213,0.64649183,35,1006
85ab,1702059421614183,0.97204119,6.24558,0.37591588,14,1011
da02,1702059422113607,6.1481795,0.79774755,0.62927395,32,1016
85ab,1702059422612778,0.95786721,6.2559972,0.36671662,12,1021
da02,1702059423112765,6.1495509,0.79453415,0.6186465,32,1026
85ab,1702059423613591,0.96964478,6.2833481,0.364942,12,1031
da02,1702059424113633,6.1707954,0.77621466,0.65476811,37,1036
85ab,1702059424613606,0.96478581,6.2652793,0.36872572,13,1041
da02,1702059425113620,6.1519504,0.78760117,0.66590828,36,1046
85ab,1702059425613632,0.9752087,6.2573056,0.37592426,14,1051
da02,1702059426112732,6.1663809,0.78571433,0.66273481,33,1056
85ab,1702059426613592,0.96464586,6.2567859,0.36721846,12,1061
da02,1702059427113546,6.1720963,0.79237723,0.67138642,34,1066
85ab,1702059427612749,0.96221441,6.2800088,0.35164315,11,1071
da02,1702059428112725,6.1502905,0.79772818,0.64221072,32,1076
85ab,1702059428613508,0.95523649,6.2679338,0.35384542,13,1081
da02,1702059429113510,6.1385012,0.80552304,0.62445164,32,1086
85ab,1702059429613559,0.94560647,6.2567821,0.35839319,13,1091
da02,1702059430113444,6.1138487,0.81945246,0.60382241,32,1096
85ab,1702059430613410,0.961855,6.270164,0.36622462,13,1101
da02,1702059431113997,6.121676,0.81553733,0.60650229,33,1106
85ab,1702059431612729,0.9676621,6.2833505,0.36015558,12,1111
da02,1702059432112715,6.1335917,0.81909829,0.60291415,31,1116
85ab,1702059432614332,0.96334106,6.2718372,0.35878861,13,1121
da02,1702059433112784,6.13264,0.81673324,0.63788629,37,1126
85ab,1702059433613562,0.95599091,6.3061309,0.35736504,11,1131
da02,1702059434113551,6.1343918,0.81394565,0.631797,33,1136
85ab,1702059434613530,0.9462052,6.27639,0.36031711,13,1141
da02,1702059435113557,6.12759,0.82013667,0.64453816,35,1146
85ab,1702059435613580,0.95654184,6.2706614,0.371083,14,1151
da02,1702059436113560,6.1370931,0.82254815,0.64028978,32,1156
85ab,1702059436613560,0.93383646,6.26274,0.35947531,11,1161
da02,1702059437112714,6.1245942,0.81969166,0.61652541,32,1166
85ab,1702059437612860,0.93425918,6.2492647,0.36862564,13,1171
da02,1702059438114211,6.1225967,0.83371127,0.59763962,30,1176
85ab,1702059438613483,0.93059111,6.2588854,0.36562756,12,1181
da02,1702059439113595,6.1158075,0.84357303,0.58604449,31,1186
85ab,1702059439613568,0.94599921,6.2460942,0.37154785,14,1191
da02,1702059440113564,6.1177111,0.82167464,0.57538819,32,1196
85ab,1702059440613561,0.95609814,6.2514629,0.37142003,13,1201
da02,1702059441113595,6.1221533,0.8135848,0.62039036,38,1206
85ab,1702059441613585,0.95058328,6.2557435,0.37350661,12,1211
da02,1702059442114205,6.1316953,0.80806822,0.6338774,35,1216
85ab,1702059442612786,0.95015484,6.2944908,0.35675946,12,1221
da02,1702059443112708,6.1333728,0.82669038,0.62441504,31,1226
85ab,1702059443614268,0.95697123,6.2835321,0.3688536,14,1231
da02,1702059444113803,6.1473403,0.832005,0.64665,34,1236
85ab,1702059444613500,0.96822488,6.2577853,0.38449878,15,1241
da02,1702059445113610,6.1488566,0.82922405,0.62739372,31,1246
85ab,1702059445613592,0.969479,6.2547565,0.38556749,13,1251
da02,1702059446115128,6.1596704,0.79535544,0.67304981,40,1256
85ab,1702059446613526,0.96859032,6.2848067,0.37799269,11,1261
da02,1702059447113614,6.1716776,0.79111773,0.69106925,36,1266
85ab,1702059447613568,0.97314709,6.2734804,0.37061232,13,1271
da02,1702059448112781,6.1546965,0.82363057,0.64512962,29,1276
85ab,1702059448612740,0.97363919,6.2872643,0.35924879,12,1281
da02,1702059449113562,6.1425152,0.83751047,0.62657857,31,1286
85ab,1702059449613533,0.97753316,6.2793913,0.36486614,13,1291
da02,1702059450113628,6.1500664,0.82150662,0.65523374,37,1296
85ab,1702059450613509,0.97392035,6.2131991,0.39483428,66,1301
da02,1702059451113564,6.1307187,0.82975531,0.62885672,32,1306
85ab,1702059451613586,0.95668823,6.2043443,0.39479139,13,1311
da02,1702059452113643,6.1285844,0.8506875,0.58903778,27,1316
85ab,1702059452613540,1.0368482,6.2298765,0.42318606,56,1321
da02,1702059453114228,6.1312571,0.83745372,0.61403084,36,1326
85ab,1702059453612838,1.0241907,6.2116013,0.42435563,15,1331
da02,1702059454112760,6.121603,0.84275734,0.60224062,32,1336
85ab,1702059454613594,0.99848634,6.2479539,0.39309767,10,1341
da02,1702059455113683,6.1231089,0.82814312,0.625113,36,1346
85ab,1702059455613530,0.9972049,6.2579021,0.39208415,13,1351
da02,1702059456113572,6.1234365,0.833495,0.61879778,32,1356
85ab,1702059456613532,0.98654228,6.276547,0.37945849,12,1361
da02,1702059457113519,6.1269665,0.83725214,0.6324119,34,1366
85ab,1702059457613568,0.98071593,6.2735977,0.37634611,13,1371
da02,1702059458113588,6.1306643,0.85198873,0.60819048,29,1376
85ab,1702059458613557,0.96253139,6.264379,0.37317365,12,1381
da02,1702059459113050,6.1456976,0.84387881,0.63257152,35,1386
85ab,1702059459612790,0.95176929,6.280499,0.36975735,11,1391
da02,1702059460113584,6.1261864,0.86334163,0.58947611,28,1396
85ab,1702059460613558,0.95242828,6.2599463,0.37803546,14,1401
da02,1702059461113581,6.1156,0.83948028,0.61384046,37,1406
85ab,1702059461613542,0.968147,6.2655134,0.37568977,13,1411
da02,1702059462113584,6.1124287,0.84361649,0.60590023,32,1416
85ab,1702059462613601,0.970922,6.2555256,0.37600622,14,1421
da02,1702059463113566,6.1142511,0.84995419,0.63077021,35,1426
85ab,1702059463613606,0.96639055,6.3061352,0.36783838,13,1431
da02,1702059464114222,6.1314092,0.8234095,0.65138012,36,1436
85ab,1702059464612943,0.96698463,6.3227654,0.36649892,11,1
da02,1702059465112808,6.1484184,0.81773323,0.65778047,34,6
85ab,1702059465613622,0.9652639,6.3306837,0.36586455,12,11
da02,1702059466113587,6.1583824,0.819849,0.64027929,31,16
85ab,1702059466613574,0.96513277,6.3014765,0.3694177,14,21
da02,1702059467113607,6.150929,0.8192628,0.6146391,31,26
85ab,1702059467613592,0.95457149,6.2879491,0.35928467,12,31
da02,1702059468113622,6.1383023,0.83134913,0.60199928,31,36
85ab,1702059468613615,0.95531934,6.2579021,0.36663654,14,41
da02,1702059469113648,6.12339,0.83864176,0.57535785,30,46
85ab,1702059469613636,0.968861,6.2700448,0.36585379,13,51
da02,1702059470113877,6.1093245,0.85646307,0.57466406,32,56
85ab,1702059470612802,0.96097493,6.2663403,0.36012721,12,61
da02,1702059471113666,6.1144757,0.84669751,0.6058284,36,66
85ab,1702059471613627,0.96441585,6.2810254,0.35959697,12,71
da02,1702059472113616,6.1069708,0.83440804,0.60590285,34,76
85ab,1702059472613596,0.96120125,6.274426,0.36370942,13,81
da02,1702059473113634,6.115047,0.80609369,0.61892909,36,86
85ab,1702059473613614,0.9446426,6.2659831,0.35802865,12,91
da02,1702059474113660,6.1131773,0.8095566,0.62116992,34,96
85ab,1702059474614286,0.95324862,6.257134,0.36635149,14,101
da02,1702059475113146,6.1147585,0.80429846,0.62511832,34,106
85ab,1702059475613645,0.94822085,6.25427,0.35686725,12,111
da02,1702059476113684,6.116395,0.798814,0.63688374,36,116
85ab,1702059476613641,0.94725591,6.2731061,0.35349187,11,121
da02,1702059477113631,6.1205826,0.80152,0.66258788,37,126
85ab,1702059477613661,0.93815541,6.2655449,0.35713255,12,131
da02,1702059478113656,6.1204057,0.80281615,0.67454261,37,136
85ab,1702059478613663,0.95229018,6.2595859,0.37191194,14,141
da02,1702059479113685,6.1431432,0.78900731,0.69632369,37,146
85ab,1702059479613645,0.94704264,6.274827,0.36408126,11,151
da02,1702059480113719,6.1585894,0.79038024,0.69127876,34,156
85ab,1702059480612884,0.95250946,6.2608376,0.3721512,14,161
da02,1702059481113726,6.1496644,0.7946623,0.69047385,36,166
85ab,1702059481613651,0.94103241,6.2618155,0.36483508,12,171
da02,1702059482113656,6.1513376,0.79132575,0.65092117,30,176
85ab,1702059482613658,0.94729263,6.2562432,0.3692055,13,181
da02,1702059483113695,6.1674395,0.79022396,0.66546082,35,186
85ab,1702059483613697,0.95165437,6.2568288,0.36800149,13,191
da02,1702059484113675,6.1582274,0.80327469,0.645347,32,196
85ab,1702059484613660,0.9599638,6.2588091,0.37017444,13,201
da02,1702059485113735,6.1657791,0.8057974,0.66191244,35,206
85ab,1702059485613700,0.95568883,6.3134637,0.35471582,14,211
da02,1702059486113213,6.1604495,0.81558549,0.65789473,33,216
85ab,1702059486612880,0.9528963,6.2948422,0.35527095,13,221
da02,1702059487113807,6.1477952,0.82271957,0.65087062,34,226
85ab,1702059487613654,0.96494144,6.2998829,0.35167652,12,231
da02,1702059488113673,6.1595249,0.79836947,0.65398353,34,236
85ab,1702059488613663,0.97284186,6.28242,0.35956734,14,241
da02,1702059489113696,6.1528358,0.81001455,0.65450513,34,246
85ab,1702059489613712,0.98952812,6.2986426,0.36093524,13,251
da02,1702059490113669,6.1629252,0.82056451,0.66063446,33,256
85ab,1702059490613685,0.97708821,6.2863541,0.37058142,13,261
da02,1702059491113734,6.1639705,0.78517091,0.717635,43,266
85ab,1702059491612971,0.97725147,6.2940664,0.36571324,12,271
da02,1702059492113673,6.1628675,0.77802008,0.7066341,35,276
85ab,1702059492613688,0.97991377,6.2769408,0.36950392,14,281
da02,1702059493113701,6.1525254,0.77996224,0.67875588,33,286
85ab,1702059493613708,0.96633059,6.2533884,0.37075973,13,291
da02,1702059494113724,6.1308875,0.80270416,0.64319563,31,296
85ab,1702059494613704,0.9655571,6.253984,0.37058312,13,301
da02,1702059495113711,6.1209335,0.81730908,0.64259714,34,306
85ab,1702059495613724,0.95804971,6.2493834,0.37454757,13,311
da02,1702059496113724,6.1101189,0.8308081,0.6250183,32,316
85ab,1702059496613720,0.96832955,6.2563076,0.37837824,13,321
da02,1702059497112909,6.1088295,0.8421796,0.62594241,33,326
85ab,1702059497612943,0.96884894,6.2420797,0.38347492,14,331
da02,1702059498113733,6.1259823,0.82922125,0.65220857,36,336
85ab,1702059498613729,0.9757247,6.2751918,0.37587175,12,341
da02,1702059499113749,6.1316509,0.83328515,0.68306458,37,346
85ab,1702059499613724,0.96750951,6.2745395,0.37345365,12,351
da02,1702059500113727,6.1242228,0.83509338,0.67440093,34,356
85ab,1702059500613744,0.98370391,6.248683,0.38836917,16,361
da02,1702059501113740,6.1367612,0.81564796,0.66623127,34,366
85ab,1702059501613756,0.99268007,6.2581935,0.38357237,13,371
da02,1702059502113747,6.1419983,0.797228,0.69840574,39,376
85ab,1702059502612972,0.98139465,6.2425089,0.37843987,13,381
da02,1702059503112947,6.1348867,0.79351109,0.69358903,36,386
85ab,1702059503613732,0.97543675,6.2393894,0.37526321,13,391
da02,1702059504113749,6.137723,0.795644,0.65896934,31,396
85ab,1702059504613705,0.96872044,6.290484,0.36378121,13,401
da02,1702059505113737,6.1330152,0.8118065,0.64492756,32,406
85ab,1702059505613753,0.98935896,6.2811031,0.37319717,14,411
da02,1702059506113747,6.1263256,0.80980283,0.64581865,35,416
85ab,1702059506613797,0.97274113,6.2737908,0.36174041,12,421
da02,1702059507113726,6.1280417,0.79928541,0.62886852,32,426
85ab,1702059507613776,0.97253263,6.2625723,0.36712432,14,431
da02,1702059508113280,6.1244612,0.8049013,0.62583184,33,436
85ab,1702059508612967,0.96590626,6.2540169,0.36432698,13,441
da02,1702059509113805,6.1253915,0.80508381,0.63340777,35,446
85ab,1702059509613802,0.95507431,6.2436991,0.3664827,13,451
da02,1702059510113807,6.1393795,0.80251652,0.65742511,36,456
85ab,1702059510613761,0.96835428,6.2529068,0.36499247,13,461
da02,1702059511113820,6.149107,0.80803037,0.65967637,33,466
85ab,1702059511613856,0.96157861,6.2628613,0.36879981,12,471
da02,1702059512113814,6.1523714,0.78385562,0.71121979,42,476
85ab,1702059512613789,0.96778268,6.2775793,0.364993,12,481
da02,1702059513113837,6.1513715,0.79557717,0.66532934,30,486
85ab,1702059513613011,0.97318923,6.2608089,0.36913747,14,491
da02,1702059514113016,6.1343322,0.80508804,0.63845253,32,496
85ab,1702059514613815,0.96857339,6.2661605,0.36222005,12,501
da02,1702059515113818,6.1260185,0.81955022,0.63536447,33,506
85ab,1702059515613818,0.9610948,6.2766581,0.35590339,12,511
da02,1702059516113843,6.134388,0.82391304,0.645309,34,516
85ab,1702059516613820,0.96346653,6.2549758,0.3634471,14,521
da02,1702059517113838,6.1261826,0.82772994,0.61527139,30,526
85ab,1702059517613796,0.96736658,6.2511134,0.36962393,14,531
da02,1702059518113790,6.1331396,0.82714438,0.62851179,34,536
85ab,1702059518613858,0.9641636,6.2466812,0.37071693,13,541
da02,1702059519113564,6.1418905,0.80706835,0.64182007,35,546
85ab,1702059519613004,0.97366422,6.2624674,0.3704924,13,551
da02,1702059520113843,6.1328149,0.807599,0.64751416,35,556
85ab,1702059520613801,0.97825682,6.1781616,0.41093671,66,561
da02,1702059521113820,6.1315465,0.81139517,0.61619824,30,566
85ab,1702059521613830,0.99246222,6.1868076,0.41423577,15,571
da02,1702059522113890,6.1236343,0.80866784,0.58829075,30,576
85ab,1702059522613823,0.98657417,6.2048836,0.40622368,13,581
da02,1702059523115533,6.1340928,0.79871649,0.64103514,39,586
85ab,1702059523613809,0.9832831,6.2138262,0.39827093,13,591
da02,1702059524113872,6.1514125,0.81034887,0.65409452,33,596
85ab,1702059524613058,0.98378676,6.2095013,0.39083588,14,601
da02,1702059525113032,6.15278,0.81207263,0.6431185,32,606
85ab,1702059525613823,0.99344093,6.2124004,0.3927606,14,611
da02,1702059526113854,6.1607265,0.80225867,0.64860934,34,616
85ab,1702059526613822,0.99234152,6.2368774,0.38951164,13,621
da02,1702059527113844,6.15338,0.79920018,0.67130828,37,626
85ab,1702059527613870,0.99226481,6.2521434,0.3857215,13,631
da02,1702059528114025,6.1443915,0.80395508,0.676238,36,636
85ab,1702059528614031,0.98938745,6.2902222,0.36845762,12,641
da02,1702059529114045,6.1428032,0.8115294,0.66232276,33,646
85ab,1702059529614043,0.9965657,6.2673717,0.37751418,15,651
da02,1702059530114832,6.1422424,0.8143031,0.65660977,33,656
85ab,1702059530613118,0.9986251,6.2999825,0.37472591,12,661
da02,1702059531114052,6.1357546,0.81100047,0.65043777,34,666
85ab,1702059531614040,1.0031724,6.287251,0.37482598,14,671
da02,1702059532114074,6.1190157,0.83526647,0.63204348,32,676
85ab,1702059532614029,0.98952216,6.2721019,0.3799473,13,681
da02,1702059533114598,6.1425319,0.81854457,0.68125105,39,686
85ab,1702059533614034,0.98516417,6.2533612,0.37962157,14,691
da02,1702059534114055,6.1408181,0.82622308,0.63148147,28,696
85ab,1702059534614070,0.97751176,6.2708731,0.37080216,12,701
da02,1702059535113152,6.173677,0.79209036,0.65790057,35,706
85ab,1702059535614032,0.968175,6.2617807,0.3672573,13,711
da02,1702059536114101,6.1679673,0.80018204,0.65779668,34,716
85ab,1702059536614075,0.97339207,6.2615294,0.37447616,13,721
da02,1702059537114070,6.1629405,0.78495461,0.67904747,38,726
85ab,1702059537614016,0.97047824,6.272891,0.37033525,12,731
da02,1702059538114092,6.1589384,0.81344253,0.62490672,27,736
85ab,1702059538614556,0.97234249,6.2714238,0.36557582,13,741
da02,1702059539114070,6.1542816,0.82231045,0.6039319,30,746
85ab,1702059539614066,0.97195154,6.2925496,0.35298449,11,751
da02,1702059540114125,6.1585279,0.80023438,0.61659074,34,756
85ab,1702059540613195,0.97152758,6.2839012,0.36322844,13,761
da02,1702059541114599,6.1676702,0.78496617,0.650676,37,766
85ab,1702059541614074,0.96544868,6.2810717,0.36444175,12,771
da02,1702059542114123,6.1613326,0.80397356,0.6616661,35,776
85ab,1702059542614082,0.96640265,6.2697067,0.36287239,13,781
da02,1702059543114035,6.1521826,0.79852641,0.64720589,33,786
85ab,1702059543614660,0.96641177,6.2697387,0.35713843,12,791
da02,1702059544114109,6.1444631,0.79111016,0.65205753,36,796
85ab,1702059544613900,0.95036507,6.2842903,0.34811744,11,801
da02,1702059545114124,6.1578059,0.785269,0.69131738,39,806
85ab,1702059545614124,0.95141244,6.2805285,0.35151127,13,811
da02,1702059546113196,6.15358,0.77791411,0.69587988,37,816
85ab,1702059546613641,0.96048808,6.268043,0.36244929,14,821
da02,1702059547114122,6.1413474,0.80046487,0.68984812,35,826
85ab,1702059547614117,0.95829403,6.2915459,0.35342655,11,831
da02,1702059548114098,6.1375489,0.81873161,0.6408056,28,836
85ab,1702059548614056,0.96386218,6.2770052,0.36146823,14,841
da02,1702059549114180,6.1434402,0.81627548,0.66408646,36,846
85ab,1702059549614196,0.96408153,6.2780209,0.36032397,12,851
da02,1702059550114171,6.1462607,0.80799121,0.63006109,30,856
85ab,1702059550614196,0.9744097,6.2569575,0.36629254,14,861
da02,1702059551114185,6.1541696,0.79860556,0.60965109,30,866
85ab,1702059551613248,0.97698814,6.300941,0.36037546,12,871
da02,1702059552114704,6.1425195,0.79269516,0.6095683,34,876
85ab,1702059552614132,0.98726618,6.2820964,0.36900297,14,881
da02,1702059553114169,6.1440945,0.80219823,0.60478425,32,886
85ab,1702059553614789,0.98021752,6.278749,0.36370003,12,891
da02,1702059554114182,6.1358471,0.79539323,0.59707057,33,896
85ab,1702059554614184,0.97200412,6.2974467,0.35451519,11,901
da02,1702059555114210,6.1452708,0.7885344,0.62903047,36,906
85ab,1702059555614185,0.98175162,6.3004146,0.35536841,13,911
da02,1702059556114182,6.131424,0.80007249,0.60506046,31,916
85ab,1702059556614239,0.97282052,6.2835164,0.35511819,13,921
da02,1702059557113242,6.125864,0.81353039,0.61577469,34,926
85ab,1702059557613214,0.96387011,6.2767105,0.35996959,13,931
da02,1702059558114037,6.1274161,0.80256563,0.6212908,34,936
85ab,1702059558614050,0.96879637,6.279634,0.35935467,13,941
da02,1702059559114126,6.1149807,0.7983917,0.6001696,32,946
85ab,1702059559614060,0.984669,6.2624941,0.37399119,15,951
da02,1702059560114075,6.1392255,0.80213523,0.62293917,34,956
85ab,1702059560614048,0.97530472,6.2571692,0.37519291,13,961
da02,1702059561114072,6.14548,0.79618049,0.64172304,36,966
85ab,1702059561614080,0.96685612,6.2456455,0.37546682,13,971
da02,1702059562114058,6.1426964,0.80211627,0.61657768,30,976
85ab,1702059562613223,0.96018332,6.2574635,0.36587524,12,981
da02,1702059563113503,6.1501613,0.80589819,0.61168885,31,986
85ab,1702059563614110,0.95333749,6.2425289,0.36876124,13,991
da02,1702059564114093,6.1318941,0.83237189,0.5983119,31,996
85ab,1702059564614020,0.9398101,6.2477965,0.36428595,12,1001
da02,1702059565114039,6.1329751,0.82016343,0.62511438,36,1006
85ab,1702059565614113,0.93873942,6.2469778,0.36904025,13,1011
da02,1702059566114080,6.126452,0.82970953,0.55529636,24,1016
85ab,1702059566614103,0.95102972,6.2405081,0.37239897,14,1021
da02,1702059567114181,6.108252,0.84683633,0.5480895,31,1026
85ab,1702059567614140,0.95483357,6.2649341,0.36288092,12,1031
da02,1702059568113308,6.1057458,0.85481149,0.54403889,30,1036
85ab,1702059568613272,0.96234816,6.2559295,0.36944753,14,1041
da02,1702059569114088,6.1115475,0.85977948,0.52624053,28,1046
85ab,1702059569614674,0.97084916,6.2373581,0.38143215,15,1051
da02,1702059570114081,6.1256857,0.83500934,0.57471555,36,1056
85ab,1702059570614156,0.97343683,6.2460346,0.36714578,12,1061
da02,1702059571114091,6.123261,0.82428229,0.580022,33,1066
85ab,1702059571614120,0.96436673,6.2756085,0.35655844,11,1071
da02,1702059572114097,6.1385832,0.80910516,0.59231055,33,1076
85ab,1702059572614118,0.96729386,6.2944856,0.35776541,12,1081
da02,1702059573114156,6.13809,0.82792395,0.584309,30,1086
85ab,1702059573613264,0.97606266,6.315105,0.35178134,11,1091
da02,1702059574113549,6.1250496,0.84296733,0.56673253,30,1096
85ab,1702059574614152,0.97061676,6.2949367,0.365298,13,1101
da02,1702059575114125,6.1251802,0.86076504,0.54502058,27,1106
85ab,1702059575614128,0.96015573,6.2815008,0.35600165,12,1111
da02,1702059576114205,6.1248965,0.8535251,0.54882091,31,1116
85ab,1702059576614134,0.953283,6.2584782,0.36616573,14,1121
da02,1702059577114172,6.1181264,0.85344028,0.56448179,33,1126
85ab,1702059577614163,0.95752615,6.2650852,0.37084234,13,1131
da02,1702059578114121,6.1419964,0.83733475,0.58676839,33,1136
85ab,1702059578614171,0.96474332,6.256741,0.3739869,14,1141
da02,1702059579113335,6.1351671,0.8264752,0.5960297,34,1146
85ab,1702059579613286,0.96828479,6.2536864,0.3811287,14,1151
da02,1702059580114190,6.1488876,0.8181743,0.60778362,33,1156
85ab,1702059580614141,0.97239447,6.2599511,0.38286576,13,1161
da02,1702059581114142,6.1384192,0.82798558,0.63205439,36,1166
85ab,1702059581614209,0.97123426,6.270031,0.37248519,12,1171
da02,1702059582114130,6.1474085,0.83713621,0.64600807,34,1176
85ab,1702059582614138,0.96635365,6.2638063,0.3701846,13,1181
da02,1702059583114192,6.1485267,0.84344345,0.61106449,28,1186
85ab,1702059583614166,0.96302885,6.2678323,0.36835086,12,1191
da02,1702059584114435,6.1526508,0.83251041,0.63163894,35,1196
85ab,1702059584613549,0.9778204,6.2742314,0.37372017,13,1201
da02,1702059585113586,6.1430779,0.8406294,0.60988986,30,1206
85ab,1702059585614213,0.96656531,6.2617865,0.37222418,13,1211
da02,1702059586114177,6.1483641,0.82161397,0.62236923,34,1216
85ab,1702059586614161,0.97189909,6.2594447,0.37203664,13,1221
da02,1702059587114224,6.148983,0.81561059,0.62827957,34,1226
85ab,1702059587614177,0.97290796,6.24651,0.38537577,14,1231
da02,1702059588114212,6.1684089,0.79987448,0.66698128,37,1236
85ab,1702059588614215,0.97643948,6.2383461,0.38261476,14,1241
da02,1702059589114196,6.1650186,0.80269986,0.67048568,35,1246
85ab,1702059589614156,0.96191806,6.2452326,0.37114665,12,1251
da02,1702059590114384,6.1462345,0.81854367,0.63947141,31,1256
85ab,1702059590613310,0.96483886,6.2563124,0.36385959,12,1261
da02,1702059591114252,6.13285,0.81867564,0.636485,34,1266
85ab,1702059591614161,0.96985215,6.2528167,0.36899656,14,1271
da02,1702059592114190,6.1209884,0.83509272,0.6088016,30,1276
85ab,1702059592614146,0.985795,6.2388973,0.37386319,15,1281
da02,1702059593114184,6.1194758,0.827051,0.62164032,35,1286
85ab,1702059593614171,0.97326034,6.2345877,0.37422922,13,1291
da02,1702059594114255,6.1153665,0.8176375,0.62428093,35,1296
85ab,1702059594614173,0.98292613,6.2509618,0.38178134,13,1301
da02,1702059595113322,6.1243658,0.81798685,0.62050223,32,1306
85ab,1702059595614164,0.98843896,6.2325244,0.39212245,15,1311
da02,1702059596114690,6.1331654,0.809444,0.64481115,36,1316
85ab,1702059596614201,0.98792791,6.2627783,0.38009232,12,1321
da02,1702059597114207,6.1458173,0.81728452,0.6606769,34,1326
85ab,1702059597614151,0.98932964,6.2632713,0.38022688,13,1331
da02,1702059598114212,6.1282172,0.82686716,0.62759846,31,1336
85ab,1702059598614255,0.99296725,6.26646,0.37517637,13,1341
da02,1702059599114179,6.1326241,0.8365165,0.62760574,32,1346
85ab,1702059599614197,0.99142975,6.2642088,0.36696991,13,1351
da02,1702059600115766,6.1442132,0.82789403,0.65604877,36,1356
85ab,1702059600613348,0.99125177,6.2449484,0.37565821,15,1361
da02,1702059601113357,6.2510848,0.7057544,1.0507311,66,1366
85ab,1702059601614246,0.97844142,6.2324495,0.37848324,14,1371
da02,1702059602114223,6.223485,0.75152051,0.93565351,31,1376
85ab,1702059602614215,0.96992135,6.2499514,0.37181243,12,1381
da02,1702059603114281,6.1909437,0.75918949,0.85140061,34,1386
85ab,1702059603614200,0.96645534,6.2735729,0.36219871,11,1391
da02,1702059604114308,6.175694,0.7880125,0.79172057,32,1396
85ab,1702059604614211,0.9638164,6.2688365,0.36613718,13,1401
da02,1702059605114270,6.1677761,0.791997,0.71600235,29,1406
85ab,1702059605614224,0.9523862,6.2527256,0.37215829,13,1411
da02,1702059606113378,6.1701922,0.76794434,0.71019685,36,1416
85ab,1702059606613369,0.97601354,6.2551756,0.37532121,14,1421
da02,1702059607114820,6.1722083,0.76656342,0.70897335,36,1426
85ab,1702059607614247,0.98411787,6.2456636,0.37303561,14,1431
da02,1702059608114224,6.1642966,0.78727388,0.69453657,33,1436
85ab,1702059608614234,0.97459519,6.2469325,0.36682397,13,1
da02,1702059609114255,6.1577315,0.78216827,0.66910511,33,6
85ab,1702059609614212,0.97787517,6.2540522,0.3700628,13,11
da02,1702059610114224,6.1701341,0.78001708,0.65856171,32,16
85ab,1702059610614282,0.97671676,6.2575612,0.37281668,13,21
da02,1702059611114245,6.1446366,0.79267973,0.667656,37,26
85ab,1702059611613398,0.98210609,6.2828708,0.35991529,12,31
da02,1702059612113374,6.1512942,0.78365171,0.66660678,34,36
85ab,1702059612614285,0.97270924,6.2696609,0.35995173,13,41
da02,1702059613114244,6.1487207,0.78643823,0.64549518,32,46
85ab,1702059613614299,0.96674931,6.2698426,0.35700312,12,51
da02,1702059614114224,6.1322021,0.807386,0.63090926,32,56
85ab,1702059614614262,0.96938556,6.2674046,0.37225759,14,61
da02,1702059615114271,6.1353087,0.81455809,0.6418376,34,66
85ab,1702059615614255,0.97001594,6.2678642,0.37152928,13,71
da02,1702059616114316,6.1253738,0.82376021,0.63618428,33,76
85ab,1702059616614330,0.97389537,6.2476454,0.36761609,14,81
da02,1702059617113404,6.1356764,0.80834168,0.64782691,35,86
85ab,1702059617613407,0.97052145,6.2796717,0.35726371,11,91
da02,1702059618114876,6.1286068,0.78941262,0.67359591,39,96
85ab,1702059618614276,0.96978438,6.2602968,0.36570597,14,101
da02,1702059619114292,6.1249518,0.79281104,0.646028,32,106
85ab,1702059619614272,0.97605205,6.2577591,0.37354752,14,111
da02,1702059620114246,6.12399,0.80879664,0.60244638,28,116
85ab,1702059620614281,0.98225415,6.2441368,0.37889487,14,121
da02,1702059621114339,6.138546,0.81723338,0.62779444,34,126
85ab,1702059621614302,0.98479915,6.229322,0.37955862,14,131
da02,1702059622114298,6.1293807,0.832497,0.58063143,27,136
85ab,1702059622613485,0.98731315,6.2514138,0.37834969,13,141
da02,1702059623113414,6.1193252,0.84316373,0.55388206,29,146
85ab,1702059623614306,0.99243212,6.2544603,0.38337356,14,151
da02,1702059624114616,6.1207457,0.84553325,0.54323715,29,156
85ab,1702059624614224,0.98517752,6.2379074,0.38205078,14,161
da02,1702059625114234,6.0998054,0.84460384,0.5349772,31,166
85ab,1702059625614302,0.9757241,6.2296672,0.38045603,13,171
da02,1702059626114222,6.1167855,0.83574635,0.54585558,31,176
85ab,1702059626614308,0.98028088,6.2471833,0.36962,12,181
da02,1702059627114293,6.1236477,0.82348251,0.5566442,32,186
85ab,1702059627614484,0.96735942,6.2346721,0.36713761,13,191
da02,1702059628113542,6.1287394,0.79554808,0.59307718,37,196
85ab,1702059628613532,0.97390324,6.233233,0.37363011,14,201
da02,1702059629115440,6.1510882,0.78822172,0.61777568,34,206
85ab,1702059629614426,0.97773123,6.2422357,0.37450781,13,211
da02,1702059630114444,6.1182919,0.8194527,0.56486708,27,216
85ab,1702059630614432,0.97373259,6.2561617,0.37107816,12,221
da02,1702059631114459,6.1084113,0.84437418,0.5769031,33,226
85ab,1702059631614456,0.9595502,6.2600021,0.35923812,12,231
da02,1702059632114440,6.1241112,0.81613451,0.64229119,41,236
85ab,1702059632614466,0.96114367,6.2662277,0.36516267,13,241
da02,1702059633114487,6.1216459,0.81754106,0.65225744,36,246
85ab,1702059633613580,0.97386456,6.24619,0.37629393,15,251
da02,1702059634113554,6.107307,0.83694237,0.62471151,31,256
85ab,1702059634614995,0.99863774,6.2390761,0.38289049,15,261
da02,1702059635114458,6.1315279,0.821975,0.62308443,32,266
85ab,1702059635614512,0.99124736,6.247323,0.37761244,13,271
da02,1702059636114491,6.1127806,0.82682997,0.59871686,31,276
85ab,1702059636614512,0.9948445,6.2471862,0.37048233,13,281
da02,1702059637114471,6.1087813,0.82807374,0.59491414,33,286
85ab,1702059637614502,0.98911017,6.2572017,0.36871004,13,291
da02,1702059638114481,6.1044545,0.84502649,0.59888339,33,296
85ab,1702059638614528,0.97281986,6.2424731,0.37392974,13,301
da02,1702059639113805,6.1035085,0.8428421,0.59467417,32,306
85ab,1702059639613574,0.98789597,6.2170095,0.38264629,16,311
da02,1702059640115539,6.1179433,0.84629786,0.59057945,31,316
85ab,1702059640614503,0.99684572,6.2133,0.39125243,15,321
da02,1702059641114491,6.1322274,0.83523005,0.62915474,36,326
85ab,1702059641614545,0.98111939,6.2542281,0.38392776,11,331
da02,1702059642114503,6.12729,0.82806379,0.64280981,36,336
85ab,1702059642614548,0.99879891,6.2377334,0.38790035,15,341
da02,1702059643114480,6.1207166,0.83205181,0.6060099,29,346
85ab,1702059643614531,0.98226541,6.2312064,0.38803166,13,351
da02,1702059644114538,6.1272721,0.82007122,0.61545694,34,356
85ab,1702059644613753,0.99581385,6.2300715,0.38427237,14,361
da02,1702059645113523,6.127697,0.80869353,0.63866335,37,366
85ab,1702059645614440,0.98328978,6.235507,0.38316193,13,371
da02,1702059646114499,6.1228261,0.81558609,0.61501783,31,376
85ab,1702059646614431,0.99011743,6.236227,0.39087492,14,381
da02,1702059647114457,6.1157422,0.80837446,0.62753826,36,386
85ab,1702059647614394,0.98994029,6.2443471,0.38346958,13,391
da02,1702059648114450,6.1131735,0.81719851,0.60159308,30,396
85ab,1702059648614446,0.98255515,6.2434239,0.37976173,13,401
da02,1702059649114462,6.1181664,0.80635613,0.63222146,37,406
85ab,1702059649614444,0.9922576,6.2357335,0.37827337,14,411
da02,1702059650113769,6.1155305,0.81403381,0.61362088,31,416
85ab,1702059650613534,0.98099619,6.2505746,0.37388113,12,421
da02,1702059651114994,6.1316133,0.83068854,0.64283234,35,426
85ab,1702059651614366,0.97405148,6.2544036,0.36829391,12,431
da02,1702059652114520,6.1304631,0.82126504,0.63206637,33,436
85ab,1702059652614470,0.97638661,6.2540426,0.37257937,13,441
da02,1702059653114474,6.1192846,0.8345682,0.58989429,28,446
85ab,1702059653614461,0.96624207,6.2424626,0.37050536,13,451
da02,1702059654114522,6.1195073,0.83068484,0.6014449,34,456
85ab,1702059654614520,0.96808189,6.24075,0.36790082,13,461
da02,1702059655113576,6.1227617,0.83425939,0.606955,33,466
85ab,1702059655614532,0.96413922,6.2526665,0.35122925,12,471
da02,1702059656115008,6.1160583,0.82257831,0.59211659,32,476
85ab,1702059656614477,0.9682461,6.2422686,0.36182824,14,481
da02,1702059657114561,6.1247439,0.81947964,0.57955837,30,486
85ab,1702059657614506,0.95904678,6.2302947,0.36319685,13,491
da02,1702059658114536,6.1297846,0.82898664,0.58600205,32,496
85ab,1702059658614553,0.96523023,6.2312021,0.36235592,13,501
da02,1702059659114534,6.108397,0.83971113,0.53971535,27,506
85ab,1702059659614487,0.97226286,6.2307653,0.37405103,14,511
da02,1702059660114587,6.135478,0.81943697,0.56764507,33,516
85ab,1702059660613681,0.96742558,6.2431755,0.37520576,13,521
da02,1702059661114530,6.1185184,0.83090842,0.56378806,32,526
85ab,1702059661614486,0.97038096,6.2522292,0.37103367,13,531
da02,1702059662115062,6.113306,0.82735181,0.55265117,31,536
85ab,1702059662614517,0.98452,6.2566309,0.37012285,14,541
da02,1702059663114508,6.1104989,0.82349813,0.55091524,31,546
85ab,1702059663614572,0.99506587,6.2477474,0.377738,15,551
da02,1702059664114582,6.1295977,0.81233168,0.56991708,33,556
85ab,1702059664614488,1.0012608,6.2394,0.37778714,14,561
da02,1702059665114569,6.1274085,0.80366766,0.57878089,33,566
85ab,1702059665614562,0.99651217,6.2295256,0.37753424,14,571
da02,1702059666113652,6.1346617,0.810684,0.60790312,35,576
85ab,1702059666614058,1.0005105,6.2265778,0.37919447,14,581
da02,1702059667114521,6.1315393,0.8022812,0.62817603,36,586
85ab,1702059667614506,0.98681229,6.2340064,0.3789686,13,591
da02,1702059668114595,6.1218591,0.82943183,0.581442,27,596
85ab,1702059668614529,0.96416974,6.2344003,0.37669495,12,601
da02,1702059669114529,6.1283689,0.81354225,0.6162402,37,606
85ab,1702059669614610,0.94865477,6.2409945,0.37209621,12,611
da02,1702059670114575,6.1262751,0.82247132,0.58590406,29,616
85ab,1702059670614542,0.95222849,6.2674966,0.37225756,12,621
da02,1702059671114617,6.10913,0.83047885,0.58011848,32,626
85ab,1702059671614053,0.96359,6.2658167,0.37922248,14,631
da02,1702059672114564,6.1097407,0.82246876,0.60040367,35,636
85ab,1702059672614604,0.96454644,6.2746811,0.37764606,12,641
da02,1702059673115038,6.11802,0.81398261,0.60447651,33,646
85ab,1702059673614539,0.97067064,6.2869816,0.37710893,12,651
da02,1702059674114550,6.1170697,0.80387783,0.63036215,37,656
85ab,1702059674614609,0.97276968,6.2773557,0.37908816,13,661
da02,1702059675114606,6.1229343,0.78913063,0.59797448,30,666
85ab,1702059675614568,0.96792805,6.26538,0.37131625,13,671
da02,1702059676114669,6.1445956,0.78469753,0.61895865,34,676
85ab,1702059676615254,0.97723967,6.2531939,0.37649876,14,681
da02,1702059677114670,6.1394629,0.78879637,0.62050021,34,686
85ab,1702059677613740,0.97665864,6.2868447,0.36334762,11,691
da02,1702059678114655,6.1546597,0.80266827,0.63598543,33,696
85ab,1702059678614709,0.980224,6.3055272,0.35444817,11,701
da02,1702059679114661,6.15161,0.80620742,0.66225988,37,706
85ab,1702059679614586,0.97276253,6.2806554,0.35728544,13,711
da02,1702059680114652,6.1396461,0.82267725,0.61816466,29,716
85ab,1702059680614724,0.99379981,6.2682762,0.3603245,15,721
da02,1702059681114627,6.1491117,0.82566518,0.64302015,35,726
85ab,1702059681615210,0.99631989,6.243413,0.36984953,15,731
da02,1702059682114986,6.1525054,0.80639333,0.65244186,35,736
85ab,1702059682613720,0.98842478,6.2618608,0.36373049,12,741
da02,1702059683113751,6.141993,0.81656551,0.62440366,31,746
85ab,1702059683614729,0.97954708,6.2653732,0.36783916,13,751
da02,1702059684115403,6.1469674,0.81657577,0.64088279,35,756
85ab,1702059684614562,0.979427,6.2522163,0.37532,14,761
da02,1702059685114553,6.1384063,0.8402037,0.60933346,29,766
85ab,1702059685614688,0.98796821,6.2818031,0.3720147,12,771
da02,1702059686114525,6.1267004,0.836494,0.61315465,34,776
85ab,1702059686614636,0.98100156,6.2796211,0.37642449,13,781
da02,1702059687114615,6.1288953,0.82134104,0.6472531,38,786
85ab,1702059687614666,0.98521417,6.2747808,0.37835374,13,791
da02,1702059688113806,6.1204596,0.8270216,0.65445614,35,796
85ab,1702059688613700,0.98080397,6.2722731,0.37599722,13,801
da02,1702059689114692,6.1302357,0.82626671,0.674706,36,806
85ab,1702059689614743,0.96628344,6.255022,0.37208337,13,811
da02,1702059690114564,6.1273556,0.81679553,0.64141315,31,816
85ab,1702059690614862,0.9738484,6.2599883,0.37101737,13,821
da02,1702059691114705,6.1378541,0.81484473,0.68450767,39,826
85ab,1702059691615129,0.97123969,6.2644186,0.36494195,12,831
da02,1702059692114617,6.1308742,0.83639139,0.64635038,30,836
85ab,1702059692614592,0.98187846,6.2738018,0.36544162,13,841
da02,1702059693114709,6.1388268,0.83013743,0.66153681,35,846
85ab,1702059693613846,0.97542316,6.2744923,0.36272404,12,851
da02,1702059694113816,6.1506376,0.81657356,0.67216843,35,856
85ab,1702059694614734,0.97920179,6.2561355,0.37524143,14,861
da02,1702059695115234,6.1446471,0.82288373,0.63207847,29,866
85ab,1702059695614788,0.98494285,6.2470984,0.38151175,14,871
da02,1702059696114608,6.1436687,0.81612074,0.63921076,35,876
85ab,1702059696615245,0.98269081,6.2720747,0.38076654,12,881
da02,1702059697114722,6.1372833,0.81529433,0.64809841,35,886
85ab,1702059697614710,0.9738211,6.255434,0.38347489,14,891
da02,1702059698114730,6.1374722,0.82449746,0.64317268,33,896
85ab,1702059698615100,0.96687263,6.2330956,0.38231581,14,901
da02,1702059699114072,6.1460958,0.80381769,0.63539582,33,906
85ab,1702059699613770,0.97705948,6.2442141,0.38920736,14,911
da02,1702059700114611,6.1490746,0.793641,0.652504,36,916
85ab,1702059700614686,0.973698,6.2501965,0.37538463,12,921
da02,1702059701114702,6.1464839,0.80469316,0.64151329,32,926
85ab,1702059701615254,0.97150475,6.2532792,0.3683027,13,931
da02,1702059702114652,6.1531119,0.80589157,0.69230926,40,936
85ab,1702059702614630,0.97231317,6.25432,0.37122342,13,941
da02,1702059703114640,6.1507215,0.80693626,0.67224669,33,946
85ab,1702059703614692,0.96900272,6.233367,0.37413487,14,951
da02,1702059704114966,6.1527381,0.81361568,0.68432379,36,956
85ab,1702059704614094,0.9779529,6.2372742,0.3838436,14,961
da02,1702059705113817,6.1577616,0.80902094,0.68439317,35,966
85ab,1702059705614647,0.97352457,6.2551165,0.37839782,12,971
da02,1702059706115130,6.1511631,0.81399626,0.68244493,35,976
85ab,1702059706614736,0.98966372,6.2683749,0.37925109,13,981
da02,1702059707115208,6.1430511,0.80872148,0.64766186,31,986
85ab,1702059707614797,0.96889812,6.2573938,0.37361902,12,991
da02,1702059708114742,6.1432748,0.80772269,0.6268664,31,996
85ab,1702059708614678,0.96100277,6.2681131,0.36227822,12,1001
da02,1702059709114629,6.1458416,0.81980222,0.5972935,28,1006
85ab,1702059709614846,0.96018988,6.2406564,0.36573863,14,1011
da02,1702059710115064,6.1476693,0.80457038,0.60342485,33,1016
85ab,1702059710613950,0.95162344,6.237009,0.35600558,12,1021
da02,1702059711114720,6.1562552,0.80841136,0.6017434,31,1026
85ab,1702059711614763,0.96430981,6.2415633,0.35993439,13,1031
da02,1702059712114712,6.1432705,0.81649631,0.58862114,31,1036
85ab,1702059712614718,0.97324407,6.2375331,0.35573471,14,1041
da02,1702059713114738,6.1427665,0.82003915,0.59878767,33,1046
85ab,1702059713614756,0.96270055,6.2293787,0.36974829,14,1051
da02,1702059714114768,6.1437621,0.80600345,0.64431918,39,1056
85ab,1702059714615027,0.96862411,6.2277279,0.37396353,14,1061
da02,1702059715113880,6.1405287,0.79528028,0.66533124,38,1066
85ab,1702059715614340,0.95711267,6.2239823,0.37371013,13,1071
da02,1702059716114819,6.1284714,0.80013025,0.64731252,33,1076
85ab,1702059716614849,0.96405751,6.2308087,0.37560606,13,1081
da02,1702059717115226,6.1062417,0.81067324,0.60444951,30,1086
85ab,1702059717615269,0.97503817,6.2288008,0.38085,14,1091
da02,1702059718114769,6.1189404,0.80706966,0.65312,39,1096
85ab,1702059718614726,0.9572106,6.2850742,0.35621837,14,1101
da02,1702059719114784,6.1263738,0.80547839,0.670237,36,1106
85ab,1702059719614856,0.98112231,6.26309,0.36832637,15,1111
da02,1702059720114820,6.1253176,0.82272917,0.65753508,33,1116
85ab,1702059720613882,0.98919475,6.2484155,0.38456276,15,1121
da02,1702059721114691,6.1264319,0.82136923,0.65972966,35,1126
85ab,1702059721614752,0.99540097,6.2526455,0.37913838,13,1131
da02,1702059722114677,6.120657,0.82551503,0.64643717,33,1136
85ab,1702059722615410,0.98844403,6.253427,0.37734744,13,1141
da02,1702059723114756,6.127183,0.82970518,0.64385831,33,1146
85ab,1702059723614881,0.97922242,6.2425604,0.38098013,14,1151
da02,1702059724114843,6.11779,0.837861,0.63035339,32,1156
85ab,1702059724614762,0.97054648,6.2405462,0.37535864,13,1161
da02,1702059725114771,6.1225986,0.82633549,0.65483069,37,1166
85ab,1702059725614759,0.98341215,6.2663317,0.37903714,13,1171
da02,1702059726113956,6.1123266,0.8408376,0.62338656,30,1176
85ab,1702059726614865,0.97402442,6.2603312,0.37604725,13,1181
da02,1702059727114792,6.1332812,0.83404857,0.65201759,36,1186
85ab,1702059727614883,0.95823181,6.2537284,0.37482977,13,1191
da02,1702059728115368,6.1368747,0.82582331,0.64832294,34,1196
85ab,1702059728614897,0.96023512,6.2411137,0.37592137,14,1201
da02,1702059729114834,6.1167912,0.83663189,0.62384415,32,1206
85ab,1702059729614717,0.95990056,6.2436571,0.37435988,13,1211
da02,1702059730114765,6.1269245,0.84052461,0.61278957,31,1216
85ab,1702059730614780,1.0237205,6.241498,0.3976309,56,1221
da02,1702059731114750,6.1421185,0.81815577,0.61818922,33,1226
85ab,1702059731613992,1.0006154,6.2354236,0.39198762,13,1231
da02,1702059732113979,6.1447291,0.80707407,0.6402843,36,1236
85ab,1702059732614725,0.9956032,6.2349138,0.39038903,14,1241
da02,1702059733114798,6.1340313,0.79859644,0.63522404,34,1246
85ab,1702059733614870,0.9933511,6.2621717,0.3755323,12,1251
da02,1702059734114758,6.1468611,0.78852594,0.63783228,34,1256
85ab,1702059734614764,0.98865926,6.2577591,0.38179615,14,1261
da02,1702059735114850,6.1488695,0.79312211,0.65639454,36,1266
85ab,1702059735614787,0.99646312,6.2358265,0.39200854,15,1271
da02,1702059736114788,6.1448264,0.79465252,0.62425226,30,1276
85ab,1702059736614913,0.99619311,6.2218628,0.39336166,15,1281
da02,1702059737113899,6.1520209,0.78113854,0.6384384,35,1286
85ab,1702059737613978,0.98072052,6.2614775,0.37348247,11,1291
da02,1702059738115240,6.1480455,0.7760607,0.64465857,35,1296
85ab,1702059738614759,0.97597456,6.2683382,0.37103757,12,1301
da02,1702059739115312,6.1464992,0.79819047,0.60280257,28,1306
85ab,1702059739614876,0.97825181,6.2538776,0.37317878,14,1311
da02,1702059740114801,6.1346655,0.81834131,0.62085032,35,1316
85ab,1702059740614834,0.97015411,6.25211,0.37126622,13,1321
da02,1702059741114860,6.1439123,0.81717128,0.60991073,31,1326
85ab,1702059741614792,0.96445656,6.2729192,0.36153275,11,1331
da02,1702059742114822,6.1540647,0.80840033,0.63280737,35,1336
85ab,1702059742614060,0.96810913,6.30175,0.35651451,11,1341
da02,1702059743113965,6.1714892,0.81298107,0.64638066,33,1346
85ab,1702059743615354,0.96830934,6.2799163,0.36688143,14,1351
da02,1702059744115186,6.1651316,0.81494653,0.64490139,33,1356
85ab,1702059744614804,0.9771021,6.2624273,0.3790426,15,1361
da02,1702059745114817,6.1521673,0.81875747,0.61160362,30,1366
85ab,1702059745614872,0.99304342,6.2574029,0.386969,15,1371
da02,1702059746114792,6.1466317,0.80951667,0.63796073,37,1376
85ab,1702059746614877,0.98634386,6.247211,0.38381097,14,1381
da02,1702059747114880,6.1635256,0.80652857,0.655589,34,1386
85ab,1702059747614877,0.98482227,6.2440162,0.39225811,14,1391
da02,1702059748114016,6.1567507,0.81390882,0.64574921,33,1396
85ab,1702059748614061,0.97876239,6.23633,0.38475639,13,1401
da02,1702059749114858,6.1583838,0.80059409,0.6361869,33,1406
85ab,1702059749614806,0.97893411,6.2279148,0.380834,14,1411
da02,1702059750115321,6.1519189,0.79147792,0.62464261,33,1416
85ab,1702059750614804,0.96522015,6.2148213,0.38112608,14,1421
da02,1702059751114838,6.1653528,0.78196609,0.63796413,34,1426
85ab,1702059751614854,0.963975,6.2371473,0.37671793,12,1431
da02,1702059752114929,6.1512136,0.78407335,0.60655862,30,1436
85ab,1702059752614993,0.96605521,6.2325654,0.37119934,13,1
da02,1702059753115009,6.155745,0.79773527,0.60390967,31,6
85ab,1702059753614148,0.96025741,6.2302561,0.37420651,13,11
da02,1702059754114991,6.1462474,0.82244605,0.58377719,29,16
85ab,1702059754615400,0.97040814,6.2515736,0.36982939,13,21
da02,1702059755114973,6.14666,0.80493051,0.61659425,37,26
85ab,1702059755614986,0.970175,6.2564187,0.35992235,12,31
da02,1702059756114826,6.141006,0.82727164,0.60932404,31,36
85ab,1702059756614974,0.974935,6.2641263,0.3627339,13,41
da02,1702059757114966,6.1441059,0.82230622,0.59801668,31,46
85ab,1702059757614914,0.97096914,6.2585382,0.36128,13,51
da02,1702059758114922,6.1520505,0.81904823,0.6074965,33,56
85ab,1702059758614964,0.97130078,6.2385907,0.36328942,14,61
da02,1702059759114296,6.1443138,0.84854645,0.58228332,28,66
85ab,1702059759614026,0.97573638,6.25088,0.36923313,13,71
da02,1702059760114810,6.1346326,0.84541708,0.60579813,35,76
85ab,1702059760614855,0.97731966,6.2573009,0.36844566,13,81
da02,1702059761115433,6.1482229,0.8493166,0.60169029,30,86
85ab,1702059761614994,0.95929813,6.29107,0.34968957,11,91
da02,1702059762114910,6.1527839,0.82851857,0.60621595,33,96
85ab,1702059762614886,0.95669097,6.2814078,0.35081536,13,101
da02,1702059763114864,6.1569977,0.81653762,0.61361021,33,106
85ab,1702059763614914,0.9514001,6.2643776,0.36172339,13,111
da02,1702059764114980,6.1450443,0.82364893,0.62119204,34,116
85ab,1702059764614392,0.95760971,6.259985,0.36602607,13,121
da02,1702059765114086,6.144722,0.82808429,0.63039482,34,126
85ab,1702059765615364,0.96696663,6.259635,0.36902347,13,131
da02,1702059766114884,6.1548696,0.82517678,0.63216311,32,136
85ab,1702059766614900,0.95372081,6.2455435,0.36593759,13,141
da02,1702059767114986,6.1542926,0.81794089,0.65315616,36,146
85ab,1702059767614907,0.957229,6.261487,0.35907763,12,151
da02,1702059768114861,6.129281,0.82755375,0.59917665,28,156
85ab,1702059768614874,0.96240556,6.2786913,0.35210919,12,161
da02,1702059769114944,6.13997,0.82190323,0.61684614,34,166
85ab,1702059769614906,0.96948361,6.2658286,0.36082819,14,171
da02,1702059770114348,6.1478906,0.81872088,0.60644639,31,176
85ab,1702059770614157,0.95779318,6.2568793,0.35831821,13,181
da02,1702059771115312,6.1432357,0.82090753,0.64267778,37,186
85ab,1702059771614914,0.9541896,6.2660384,0.34667331,12,191
da02,1702059772115504,6.1419363,0.82759267,0.63861448,33,196
85ab,1702059772614896,0.95353156,6.2992964,0.34294802,11,201
da02,1702059773114903,6.1655221,0.82385856,0.65140378,33,206
85ab,1702059773615075,0.95984226,6.3205948,0.35075879,11,211
da02,1702059774114979,6.1568689,0.81951493,0.63904339,33,216
85ab,1702059774615047,0.96427411,6.3085918,0.35844737,13,221
da02,1702059775114137,6.1470695,0.81649405,0.61198068,31,226
85ab,1702059775614641,0.96221995,6.29946,0.35785028,12,231
da02,1702059776115004,6.1172771,0.84298205,0.57436949,29,236
85ab,1702059776615015,0.95992857,6.2956986,0.35873076,12,241
da02,1702059777115092,6.1214924,0.83968186,0.58628029,33,246
85ab,1702059777615002,0.95896077,6.2797012,0.36151391,13,251
da02,1702059778114940,6.1390147,0.82759744,0.59353441,32,256
85ab,1702059778614899,0.98025072,6.2637873,0.36972716,15,261
da02,1702059779114852,6.1529508,0.80758619,0.60511994,33,266
85ab,1702059779614956,0.97341651,6.2679424,0.37196285,13,271
da02,1702059780115023,6.1537952,0.78773826,0.60887283,34,276
85ab,1702059780614211,0.97849536,6.2681332,0.36977535,13,281
da02,1702059781115066,6.1499534,0.78370345,0.621436,35,286
85ab,1702059781615587,0.97393143,6.2647572,0.37229845,13,291
da02,1702059782114962,6.142911,0.79302734,0.60709625,31,296
85ab,1702059782615060,0.97276473,6.2552342,0.36955,13,301
da02,1702059783115652,6.1307311,0.80042696,0.6172021,35,306
85ab,1702059783615016,0.98119289,6.2441945,0.37856159,14,311
da02,1702059784115065,6.1379218,0.81734616,0.63523638,34,316
85ab,1702059784615098,0.97495395,6.2589226,0.36645168,12,321
da02,1702059785114927,6.1466184,0.83401734,0.64115006,32,326
85ab,1702059785615104,0.97565079,6.2376585,0.3750518,15,331
da02,1702059786114261,6.146121,0.83230138,0.64853024,34,336
85ab,1702059786614249,0.9944883,6.2410603,0.36916932,14,341
da02,1702059787115564,6.1455774,0.83326012,0.63077313,31,346
85ab,1702059787615052,0.99963915,6.2616477,0.36976236,13,351
da02,1702059788114959,6.1396289,0.84472704,0.62035894,31,356
85ab,1702059788615041,1.0013487,6.2568183,0.37591046,14,361
da02,1702059789115064,6.1351671,0.84678966,0.62931126,34,366
85ab,1702059789614941,0.98898381,6.27292,0.3625958,11,371
da02,1702059790115078,6.1376648,0.84164131,0.62798327,33,376
85ab,1702059790615100,1.0023698,6.2637353,0.3698945,15,381
da02,1702059791115056,6.1343546,0.84009874,0.60034251,30,386
85ab,1702059791614255,0.99804825,6.2649779,0.36724675,13,391
da02,1702059792114234,6.1545296,0.82473427,0.62193745,34,396
85ab,1702059792614989,0.9893896,6.2524724,0.36750692,13,401
da02,1702059793115053,6.1511221,0.80422729,0.65077567,38,406
85ab,1702059793614958,0.97595626,6.2503543,0.36749518,13,411
da02,1702059794115502,6.1448,0.80664331,0.66678536,36,416
85ab,1702059794615024,0.97453111,6.2511344,0.37449831,13,421
da02,1702059795114972,6.1496515,0.79964274,0.68288857,37,426
85ab,1702059795614978,0.97716922,6.2499146,0.37260532,13,431
da02,1702059796115019,6.1379037,0.80813724,0.647474,31,436
85ab,1702059796615068,0.96930629,6.2347884,0.38004363,14,441
da02,1702059797114214,6.1238055,0.80809182,0.60993552,30,446
85ab,1702059797615085,0.96637046,6.2380753,0.37490875,13,451
da02,1702059798115321,6.1312704,0.81686532,0.61022294,32,456
85ab,1702059798615012,0.98000234,6.262393,0.37248358,13,461
da02,1702059799115152,6.1352315,0.80990356,0.63549072,36,466
85ab,1702059799615112,0.96572363,6.2541575,0.36312211,12,471
da02,1702059800115104,6.1317983,0.81510454,0.63006353,33,476
85ab,1702059800615144,0.97380561,6.2410154,0.3695429,14,481
da02,1702059801115093,6.145546,0.79727226,0.64999241,36,486
85ab,1702059801615118,0.96648389,6.2182822,0.37461522,14,491
da02,1702059802115155,6.1394329,0.82561618,0.62244576,29,496
85ab,1702059802614288,0.96675628,6.2254138,0.374726,13,501
da02,1702059803114271,6.1331754,0.828624,0.58892256,29,506
85ab,1702059803615635,0.96308947,6.2311783,0.36358795,12,511
da02,1702059804115409,6.1323681,0.82444394,0.58810019,32,516
85ab,1702059804615090,0.96924585,6.2388663,0.36877263,13,521
da02,1702059805115630,6.1308622,0.821299,0.59635836,33,526
85ab,1702059805615150,0.96699429,6.2450495,0.37078124,13,531
da02,1702059806115088,6.1329832,0.81434834,0.62732947,37,536
85ab,1702059806615152,0.9573558,6.2488518,0.36645877,12,541
da02,1702059807115102,6.1417732,0.815401,0.64850634,35,546
85ab,1702059807615192,0.95556909,6.2427516,0.36865911,13,551
da02,1702059808114334,6.1371851,0.82306778,0.63130742,32,556
85ab,1702059808614292,0.9545058,6.2426133,0.37963495,13,561
da02,1702059809115614,6.140439,0.81376958,0.6619091,38,566
85ab,1702059809615216,0.95016843,6.2336154,0.37873313,13,571
da02,1702059810115131,6.1586919,0.80894947,0.69813073,38,576
85ab,1702059810615153,0.96138573,6.2342567,0.38049811,14,581
da02,1702059811115199,6.1551342,0.81794959,0.68505841,33,586
85ab,1702059811615155,0.95563662,6.2316561,0.38468596,13,591
da02,1702059812115126,6.1536164,0.807663,0.6638537,33,596
85ab,1702059812615217,0.95532882,6.2378154,0.38403824,13,601
da02,1702059813115172,6.1635022,0.80101371,0.66802913,34,606
85ab,1702059813614380,0.95768148,6.2678857,0.37130907,11,611
da02,1702059814114302,6.1406503,0.81140989,0.64383656,33,616
85ab,1702059814615333,0.95577687,6.2527084,0.37789416,14,621
da02,1702059815115192,6.1461267,0.79331291,0.63601589,33,626
85ab,1702059815615278,0.94826806,6.2517953,0.36712745,12,631
da02,1702059816115623,6.1634126,0.79194051,0.67089283,37,636
85ab,1702059816615074,0.96141618,6.2984366,0.35586491,13,641
da02,1702059817115088,6.1661339,0.78435916,0.65602332,33,646
85ab,1702059817615156,0.967333,6.2876339,0.35786107,13,651
da02,1702059818115133,6.1518641,0.80942506,0.63774645,31,656
85ab,1702059818615145,0.96664381,6.2682157,0.36781219,14,661
da02,1702059819114388,6.1541791,0.81034774,0.65397137,35,666
85ab,1702059819614354,0.97693014,6.2704315,0.37432873,14,671
da02,1702059820115124,6.1717496,0.79075396,0.65707684,34,676
85ab,1702059820615182,0.97279751,6.2641068,0.37251768,13,681
da02,1702059821115176,6.1543312,0.80279231,0.632019,31,686
85ab,1702059821615190,0.97473979,6.2564263,0.37578657,14,691
da02,1702059822115226,6.1410656,0.80309314,0.61281741,32,696
85ab,1702059822615204,0.9740774,6.2640009,0.36873743,12,701
da02,1702059823115172,6.1375833,0.81606579,0.59685463,30,706
85ab,1702059823615208,0.97852534,6.256896,0.37947407,14,711
da02,1702059824115229,6.1311221,0.8192693,0.6128934,35,716
85ab,1702059824614662,0.9784919,6.2704363,0.36094657,12,721
da02,1702059825114391,6.1201119,0.82386386,0.58741879,30,726
85ab,1702059825615713,0.99077415,6.2737575,0.37640455,14,731
da02,1702059826115276,6.1316118,0.81839544,0.5831936,31,736
85ab,1702059826615280,0.98464191,6.2774196,0.3697578,12,741
da02,1702059827115644,6.151104,0.81336033,0.61070234,34,746
85ab,1702059827615229,0.97824925,6.2786183,0.3631562,12,751
da02,1702059828115168,6.1397243,0.81098574,0.60397065,33,756
85ab,1702059828615144,0.97052795,6.2535381,0.36876771,14,761
da02,1702059829115225,6.1432095,0.81120533,0.60241866,32,766
85ab,1702059829615186,0.97918957,6.2577505,0.36989698,13,771
da02,1702059830114473,6.1298633,0.82259238,0.57615477,30,776
85ab,1702059830614402,0.97449207,6.2445493,0.37277225,14,781
da02,1702059831116867,6.1425352,0.81566554,0.5854013,32,786
85ab,1702059831615150,0.98033208,6.2462339,0.37638578,14,791
da02,1702059832115211,6.1312032,0.83034849,0.54148346,26,796
85ab,1702059832615352,0.96882474,6.2504444,0.36971369,12,801
da02,1702059833115141,6.1244817,0.84189516,0.54728031,31,806
85ab,1702059833615219,0.96057069,6.246459,0.36597541,13,811
da02,1702059834115178,6.1331587,0.85841942,0.57105964,32,816
85ab,1702059834615146,0.966651,6.2398415,0.37257,14,821
da02,1702059835114388,6.1453724,0.85103452,0.57841432,31,826
85ab,1702059835615280,0.96730447,6.2443891,0.36704594,13,831
da02,1702059836115236,6.1495023,0.84688485,0.60837364,35,836
85ab,1702059836615660,0.96269572,6.2408,0.36577013,13,841
da02,1702059837115256,6.1409612,0.84574318,0.61396623,33,846
85ab,1702059837615253,0.9757477,6.2480383,0.3756074,14,851
da02,1702059838115675,6.1510425,0.83951807,0.61310256,32,856
85ab,1702059838615178,0.96139926,6.2268629,0.37506509,14,861
da02,1702059839115171,6.1474476,0.8352946,0.62054265,34,866
85ab,1702059839615160,0.96228063,6.2459245,0.36476997,12,871
da02,1702059840115292,6.1541796,0.825909,0.6299749,34,876
85ab,1702059840614384,0.96181035,6.2739677,0.35638696,11,881
da02,1702059841115245,6.1611881,0.82115936,0.64447832,34,886
85ab,1702059841615232,0.96579313,6.2825131,0.3557753,12,891
da02,1702059842115240,6.1457248,0.83304197,0.61985904,31,896
85ab,1702059842615318,0.9680295,6.3022456,0.35361615,11,901
da02,1702059843115206,6.1343784,0.82669973,0.65049046,38,906
85ab,1702059843615163,0.9631362,6.3047891,0.36080238,12,911
da02,1702059844115310,6.1396995,0.830421,0.66628671,35,916
85ab,1702059844615312,0.96316129,6.2858205,0.36545366,13,921
da02,1702059845115304,6.1536555,0.81851578,0.66790843,34,926
85ab,1702059845615196,0.96652907,6.2847815,0.35788846,12,931
da02,1702059846114440,6.1506581,0.81828141,0.68145192,36,936
85ab,1702059846614412,0.97328049,6.2607965,0.3703804,15,941
da02,1702059847115201,6.1569819,0.80379826,0.68118644,35,946
85ab,1702059847615216,0.96642566,6.25171,0.37112668,13,951
da02,1702059848115260,6.1432209,0.78595161,0.66194308,34,956
85ab,1702059848615280,0.971335,6.2751193,0.37291205,12,961
da02,1702059849115735,6.1562757,0.78524351,0.67282718,35,966
85ab,1702059849615190,0.97623128,6.2787275,0.36711314,13,971
da02,1702059850115208,6.1416283,0.78697515,0.67405736,36,976
85ab,1702059850615304,0.9863221,6.2625093,0.37630534,15,981
da02,1702059851115239,6.1522303,0.77375871,0.70070934,38,986
85ab,1702059851614444,0.99496603,6.2660232,0.37821952,14,991
da02,1702059852114422,6.1383619,0.814132,0.70683724,36,996
85ab,1702059852615221,1.0000503,6.2488022,0.38329241,15,1001
da02,1702059853115202,6.1449232,0.81200588,0.73771119,40,1006
85ab,1702059853615335,0.99912578,6.2532067,0.384159,13,1011
da02,1702059854115313,6.1437163,0.82235765,0.68128884,29,1016
85ab,1702059854615268,0.98731661,6.2555366,0.37346748,12,1021
da02,1702059855115372,6.1507473,0.80330038,0.65647089,32,1026
85ab,1702059855615368,0.99673623,6.2722068,0.37693492,13,1031
da02,1702059856115287,6.1377282,0.81854993,0.60926819,28,1036
85ab,1702059856615396,1.0031234,6.2654386,0.37688804,14,1041
da02,1702059857114477,6.1427937,0.825637,0.59793973,30,1046
85ab,1702059857614508,0.98667175,6.2606425,0.36916482,12,1051
da02,1702059858115334,6.1487346,0.80758536,0.62644082,36,1056
85ab,1702059858615210,0.97901815,6.2634983,0.36588839,12,1061
da02,1702059859115253,6.1485252,0.80276239,0.65237641,37,1066
85ab,1702059859615258,0.99598753,6.2442651,0.37746334,15,1071
da02,1702059860115903,6.1295552,0.81364721,0.62910557,32,1076
85ab,1702059860615291,0.98518968,6.2478089,0.38363463,13,1081
da02,1702059861115349,6.1397886,0.79512447,0.63941085,35,1086
85ab,1702059861615365,0.97974569,6.2451811,0.37782025,13,1091
da02,1702059862115370,6.1450825,0.79506457,0.63697958,33,1096
85ab,1702059862614552,0.98729759,6.2433367,0.37190598,14,1101
da02,1702059863114501,6.1182413,0.79196179,0.60732496,32,1106
85ab,1702059863615841,0.98203444,6.2467294,0.36899325,13,1111
da02,1702059864115580,6.1255946,0.79873747,0.61670429,34,1116
85ab,1702059864615318,0.99041,6.2431059,0.36912957,14,1121
da02,1702059865115359,6.1350608,0.7926932,0.63192105,35,1126
85ab,1702059865615379,0.98474586,6.2506309,0.36437246,13,1131
da02,1702059866115374,6.1240416,0.8129999,0.6160512,32,1136
85ab,1702059866615383,0.96486777,6.2321281,0.36400494,13,1141
da02,1702059867115336,6.1352577,0.80190879,0.639435,36,1146
85ab,1702059867615402,0.97057956,6.2350965,0.37063378,14,1151
da02,1702059868114552,6.1405482,0.80155092,0.64996815,35,1156
85ab,1702059868614532,0.9665733,6.2213149,0.37636453,14,1161
da02,1702059869115855,6.1486111,0.81219929,0.65580624,34,1166
85ab,1702059869615393,0.96072608,6.2304945,0.36706454,12,1171
da02,1702059870115426,6.1447859,0.81775451,0.62405384,30,1176
85ab,1702059870615406,0.95671922,6.245966,0.35611483,12,1181
da02,1702059871115927,6.1476946,0.81790495,0.64037263,35,1186
85ab,1702059871615402,0.9482199,6.2275219,0.36006159,13,1191
da02,1702059872115395,6.1614861,0.80064428,0.68939185,40,1196
85ab,1702059872615393,0.95272619,6.2326255,0.36087617,13,1201
da02,1702059873115444,6.1577458,0.81106281,0.66799641,32,1206
85ab,1702059873614598,0.95351958,6.2652469,0.35658315,11,1211
da02,1702059874114556,6.1492467,0.80212623,0.67436063,36,1216
85ab,1702059874615885,0.96244341,6.2561641,0.3652181,14,1221
da02,1702059875115309,6.1418104,0.81216359,0.67077374,34,1226
85ab,1702059875615408,0.98208123,6.2494855,0.36924317,14,1231
da02,1702059876115453,6.1559882,0.80739754,0.6831193,35,1236
85ab,1702059876615427,0.97920632,6.2592154,0.36486417,12,1241
da02,1702059877115395,6.1491485,0.79658049,0.66067249,33,1246
85ab,1702059877615425,0.97337967,6.244678,0.37291771,14,1251
da02,1702059878115398,6.149528,0.80465537,0.65223575,33,1256
85ab,1702059878615455,0.97043234,6.2491183,0.37682489,13,1261
da02,1702059879114691,6.1539025,0.80151719,0.63540137,31,1266
85ab,1702059879614595,0.970016,6.2517419,0.38214624,13,1271
da02,1702059880115907,6.1268249,0.82790148,0.59946734,30,1276
85ab,1702059880615336,0.96652633,6.2389307,0.38188848,14,1281
da02,1702059881115354,6.1479378,0.80981576,0.60373682,32,1286
85ab,1702059881615329,0.9631232,6.2347469,0.38612515,14,1291
da02,1702059882115853,6.1320906,0.82779974,0.61016423,34,1296
85ab,1702059882615369,0.96240228,6.227438,0.38893488,14,1301
da02,1702059883115406,6.1350431,0.82675612,0.62835932,35,1306
85ab,1702059883615328,0.959354,6.2345219,0.38278696,13,1311
da02,1702059884115436,6.1413622,0.82465619,0.6427424,35,1316
85ab,1702059884614841,0.95414382,6.2306085,0.3828257,13,1321
da02,1702059885114524,6.1444888,0.81922358,0.63859481,33,1326
85ab,1702059885615924,0.97260588,6.2481527,0.38331309,13,1331
da02,1702059886115442,6.1298652,0.82421285,0.61352688,31,1336
85ab,1702059886615468,0.96813589,6.2826433,0.36507541,11,1341
da02,1702059887115340,6.1297216,0.83809835,0.61733657,33,1346
85ab,1702059887615401,0.97772127,6.2928348,0.36569357,13,1351
da02,1702059888115560,6.124423,0.83109128,0.62364042,34,1356
85ab,1702059888615420,0.98312968,6.2742047,0.37281471,14,1361
da02,1702059889115469,6.1050291,0.84081608,0.59124273,30,1366
85ab,1702059889615436,0.983241,6.274375,0.37009695,13,1371
da02,1702059890115642,6.1276526,0.83302158,0.61447996,34,1376
85ab,1702059890614618,0.990617,6.2667775,0.36725405,14,1381
da02,1702059891115954,6.1225362,0.82549763,0.62763423,35,1386
85ab,1702059891615473,0.98022586,6.2686677,0.35817483,12,1391
da02,1702059892115478,6.1263404,0.81872672,0.61410528,32,1396
85ab,1702059892615428,0.97373921,6.2612247,0.36969587,13,1401
da02,1702059893116016,6.1151333,0.82841688,0.58995724,30,1406
85ab,1702059893615504,0.97540456,6.265605,0.37380016,13,1411
da02,1702059894115402,6.1094251,0.83171111,0.593638,33,1416
85ab,1702059894615521,0.96768314,6.2803516,0.36261889,11,1421
da02,1702059895114636,6.1112275,0.82803071,0.56321514,29,1426
85ab,1702059895615396,0.96765566,6.2775745,0.36381868,13,1431
da02,1702059896115476,6.1109767,0.83930635,0.52684754,26,1436
85ab,1702059896615899,0.96909422,6.2852187,0.36086822,12,1
da02,1702059897115421,6.1052666,0.83513594,0.51475555,29,6
85ab,1702059897615476,0.97229439,6.2786918,0.36766064,13,11
da02,1702059898115486,6.1012807,0.83970517,0.52467918,31,16
85ab,1702059898615439,0.97428519,6.2698603,0.37934881,14,21
da02,1702059899115489,6.1018991,0.84780061,0.51497906,29,26
85ab,1702059899615492,0.9562183,6.2767024,0.37505355,11,31
da02,1702059900115468,6.1074018,0.849287,0.50962353,29,36
85ab,1702059900614656,0.969111,6.2903476,0.37540421,13,41
da02,1702059901115474,6.1050978,0.83769572,0.51856166,32,46
85ab,1702059901615523,0.96589249,6.2744274,0.37044856,13,51
da02,1702059902115492,6.1204028,0.82089835,0.53633457,32,56
85ab,1702059902615415,0.96806532,6.2658334,0.37837753,14,61
da02,1702059903115414,6.1293511,0.79031861,0.59524125,39,66
85ab,1702059903615411,0.97949767,6.2737331,0.37588084,13,71
da02,1702059904115969,6.1126866,0.80385107,0.58986509,33,76
85ab,1702059904615416,0.96231228,6.2639079,0.37866113,13,81
da02,1702059905115399,6.1213789,0.81100291,0.59695435,32,86
85ab,1702059905615496,1.0045261,6.2008734,0.28930596,66,91
da02,1702059906114637,6.1197686,0.80898362,0.61275488,35,96
85ab,1702059906614639,0.98369867,6.2041187,0.30729073,13,101
da02,1702059907116029,6.1074185,0.817556,0.58659434,31,106
85ab,1702059907615431,0.97820818,6.2196941,0.32325527,13,111
da02,1702059908117076,6.1270814,0.813847,0.61883938,35,116
85ab,1702059908615464,0.96542782,6.2346182,0.32642817,12,121
da02,1702059909115570,6.1259866,0.81671375,0.62985373,35,126
85ab,1702059909615556,0.9612481,6.2414465,0.33656058,13,131
da02,1702059910115496,6.1395922,0.80560881,0.61547953,31,136
85ab,1702059910615772,0.96070397,6.2248197,0.34771505,14,141
da02,1702059911115845,6.1320324,0.81839496,0.58192194,29,146
85ab,1702059911614690,0.95991868,6.2083435,0.35881606,14,151
da02,1702059912116148,6.1277285,0.83665663,0.58355367,31,156
85ab,1702059912615580,0.96475077,6.2249794,0.35911286,13,161
da02,1702059913115571,6.134902,0.85181975,0.56389391,28,166
85ab,1702059913615524,0.98270768,6.2315564,0.3707141,14,171
da02,1702059914115588,6.1379547,0.82713568,0.596992,36,176
85ab,1702059914615582,0.97929978,6.2338314,0.37115529,13,181
da02,1702059915116203,6.1396232,0.82937038,0.61639965,34,186
85ab,1702059915615643,0.9781208,6.2432275,0.37619722,13,191
da02,1702059916114823,6.1344223,0.83281988,0.63086957,35,196
85ab,1702059916615551,0.98956859,6.2642827,0.37171945,13,201
da02,1702059917114705,6.1377854,0.82832986,0.65030646,36,206
85ab,1702059917615170,0.97210479,6.2621551,0.36662379,12,211
da02,1702059918115634,6.1253734,0.8280316,0.60779911,29,216
85ab,1702059918615607,0.98048759,6.2684412,0.35887709,13,221
da02,1702059919115611,6.1178179,0.82757276,0.62287921,35,226
85ab,1702059919615526,0.96890551,6.2683535,0.36014807,12,231
da02,1702059920115539,6.122026,0.81587893,0.64194846,36,236
85ab,1702059920615502,0.97408557,6.268301,0.35646349,13,241
da02,1702059921114722,6.1196942,0.82861835,0.61655742,30,246
85ab,1702059921615553,0.97994417,6.2845736,0.36547777,13,251
da02,1702059922115612,6.1281886,0.81494707,0.66049182,39,256
85ab,1702059922614768,0.98587537,6.2949972,0.36411133,12,261
da02,1702059923114758,6.12796,0.8027088,0.65063435,34,266
85ab,1702059923615623,0.9798041,6.3015022,0.36544243,12,271
da02,1702059924115656,6.1305718,0.82489151,0.63799185,31,276
85ab,1702059924615592,0.97712213,6.2840543,0.36798659,13,281
da02,1702059925115654,6.1305633,0.82640493,0.66307193,37,286
85ab,1702059925615511,0.96746987,6.2778187,0.36820385,13,291
da02,1702059926116058,6.1323609,0.84397411,0.65133291,32,296
85ab,1702059926615543,0.9682042,6.2817211,0.36767122,12,301
da02,1702059927115519,6.1265888,0.85852027,0.63639349,31,306
85ab,1702059927615553,0.97880328,6.2742438,0.37807214,14,311
da02,1702059928114802,6.1477003,0.82981712,0.67562717,38,316
85ab,1702059928614734,0.9818325,6.2523241,0.37997261,14,321
da02,1702059929115562,6.161026,0.81874949,0.67564917,34,326
85ab,1702059929615580,0.99010026,6.2894268,0.37620494,12,331
da02,1702059930115641,6.1627951,0.80086446,0.68538457,36,336
85ab,1702059930615643,0.98117656,6.2822642,0.37729418,13,341
da02,1702059931115626,6.1536336,0.79048014,0.69182122,37,346
85ab,1702059931615639,0.98004049,6.2787347,0.36787638,13,351
da02,1702059932115597,6.1634927,0.78372777,0.69532311,35,356
85ab,1702059932615522,0.9841184,6.2812805,0.37072212,13,361
da02,1702059933115732,6.1548157,0.79884422,0.65885115,31,366
85ab,1702059933614797,0.98389679,6.2810621,0.37609893,13,371
da02,1702059934114783,6.1394854,0.79561818,0.63280165,32,376
85ab,1702059934615600,0.99274504,6.2440033,0.37914035,16,381
da02,1702059935115634,6.1517348,0.80333674,0.64575154,34,386
85ab,1702059935615655,0.98139971,6.2364664,0.37746403,13,391
da02,1702059936115597,6.1500907,0.83015651,0.64992529,33,396
85ab,1702059936615671,0.99614549,6.2400346,0.37641311,14,401
da02,1702059937116179,6.1610417,0.81658792,0.66175658,35,406
85ab,1702059937615624,0.99872845,6.2417278,0.38050631,14,411
da02,1702059938115658,6.1637735,0.80803108,0.65333992,33,416
85ab,1702059938616198,0.98299843,6.2354546,0.3756479,13,421
da02,1702059939114843,6.1596942,0.82416332,0.64900523,32,426
85ab,1702059939614820,0.98638463,6.2486925,0.37257937,13,431
da02,1702059940115691,6.1750894,0.82672071,0.69134712,37,436
85ab,1702059940615627,0.999954,6.2629666,0.38080859,14,441
da02,1702059941115664,6.1789913,0.83276576,0.70683211,36,446
85ab,1702059941615697,0.98350531,6.2586422,0.37850538,13,451
da02,1702059942115611,6.1572528,0.84818536,0.65642363,29,456
85ab,1702059942615687,0.99065268,6.2587595,0.38438147,14,461
da02,1702059943115658,6.1462808,0.84384227,0.6393913,32,466
85ab,1702059943616091,0.98376,6.260386,0.38400441,13,471
da02,1702059944115702,6.13496,0.85293978,0.61857504,31,476
85ab,1702059944615031,0.96959168,6.2696476,0.37054223,11,481
da02,1702059945114810,6.1264696,0.85753113,0.60198355,31,486
85ab,1702059945615696,0.96625304,6.2712421,0.36260825,12,491
da02,1702059946115724,6.1148252,0.85472375,0.58974487,32,496
85ab,1702059946615728,0.97166491,6.2732792,0.36255735,13,501
da02,1702059947115721,6.1190572,0.85783994,0.56550992,28,506
85ab,1702059947615676,0.98467243,6.2677813,0.3717525,14,511
da02,1702059948116180,6.1130109,0.86186,0.56540596,31,516
85ab,1702059948615703,0.99669284,6.3006854,0.36021835,12,521
da02,1702059949116184,6.1180859,0.85724282,0.55718535,30,526
85ab,1702059949615654,0.97523314,6.29183,0.36026591,12,531
da02,1702059950116256,6.1282511,0.85907912,0.59329623,34,536
85ab,1702059950614815,0.96656024,6.2749653,0.35224757,13,541
da02,1702059951115898,6.1462526,0.84642458,0.60357356,32,546
85ab,1702059951615708,0.97443306,6.2858181,0.35148042,12,551
da02,1702059952115684,6.1595583,0.83717418,0.61476505,33,556
85ab,1702059952615706,0.96000391,6.2870107,0.35091269,12,561
da02,1702059953115754,6.1567979,0.84005994,0.60261786,31,566
85ab,1702059953615700,0.98119283,6.2705216,0.37652722,15,571
da02,1702059954116166,6.15399,0.83450025,0.63999116,37,576
85ab,1702059954615680,0.97858936,6.2524452,0.3741014,14,581
da02,1702059955114906,6.15408,0.82861871,0.62598461,32,586
85ab,1702059955615731,0.97224635,6.2558069,0.36845914,12,591
da02,1702059956115651,6.1491842,0.84210324,0.61932796,31,596
85ab,1702059956615738,0.96088904,6.2574649,0.36969665,12,601
da02,1702059957115673,6.1564641,0.82434648,0.633557,35,606
85ab,1702059957615596,0.95722061,6.2444572,0.36428791,13,611
da02,1702059958115764,6.1552935,0.81533325,0.65683359,37,616
85ab,1702059958615656,0.9711017,6.2420979,0.36367559,14,621
da02,1702059959116678,6.1539087,0.81670713,0.64383185,32,626
85ab,1702059959615794,0.96374458,6.2555113,0.35563874,12,631
da02,1702059960115675,6.1503434,0.81616884,0.63719529,33,636
85ab,1702059960614834,0.96399331,6.2428703,0.36256039,14,641
da02,1702059961115807,6.1659245,0.80187178,0.64967078,34,646
85ab,1702059961615656,0.95799756,6.2510052,0.36159393,12,651
da02,1702059962115661,6.1540179,0.80687028,0.66522193,36,656
85ab,1702059962615776,0.97119474,6.2521973,0.36911783,14,661
da02,1702059963115842,6.1440759,0.78808653,0.66018814,36,666
85ab,1702059963615780,0.97893757,6.2587075,0.37185609,13,671
da02,1702059964115792,6.1355152,0.79201329,0.64828384,34,676
85ab,1702059964616285,0.97755569,6.2597995,0.37057123,13,681
da02,1702059965115834,6.138371,0.7889182,0.64670157,34,686
85ab,1702059965615778,1.0037266,6.2515163,0.37831482,15,691
da02,1702059966114948,6.1303282,0.805897,0.63318855,32,696
85ab,1702059966615830,0.98665011,6.2521281,0.38275367,13,701
da02,1702059967115803,6.1362133,0.82077664,0.63825166,33,706
85ab,1702059967615682,0.98658627,6.2616167,0.37796468,13,711
da02,1702059968115811,6.1481967,0.81315613,0.61488825,30,716
85ab,1702059968615818,0.98977846,6.2664795,0.37658522,13,721
da02,1702059969115790,6.1572781,0.80426884,0.63606817,35,726
85ab,1702059969616288,0.98865825,6.2579184,0.37136602,13,731
da02,1702059970116335,6.1723185,0.78592676,0.64182413,34,736
85ab,1702059970615728,0.98305494,6.2565436,0.36897027,13,741
da02,1702059971115870,6.1611671,0.78781915,0.66408515,37,746
85ab,1702059971614969,0.98858488,6.2577572,0.37080741,13,751
da02,1702059972114969,6.1668186,0.79550409,0.67263365,34,756
85ab,1702059972615823,0.9862504,6.2519436,0.37155312,13,761
da02,1702059973115889,6.1478581,0.82059252,0.63762158,30,766
85ab,1702059973615838,0.98195684,6.2569737,0.36910942,13,771
da02,1702059974115860,6.1531725,0.81892538,0.69084769,40,776
85ab,1702059974616316,1.0220627,6.2367306,0.3918668,56,781
da02,1702059975115847,6.1551576,0.81864929,0.70261723,36,786
85ab,1702059975615830,1.0059848,6.2472591,0.37720177,12,791
da02,1702059976115750,6.1450181,0.82687545,0.66949683,31,796
85ab,1702059976615853,0.99454844,6.2671313,0.37200671,12,801
da02,1702059977114970,6.1445236,0.82067764,0.66579336,34,806
85ab,1702059977615000,0.98926383,6.2728696,0.36845151,12,811
da02,1702059978115830,6.1364212,0.82793719,0.63595772,31,816
85ab,1702059978615871,0.99735594,6.2790179,0.35858005,13,821
da02,1702059979115851,6.1201992,0.82811409,0.60708326,31,826
85ab,1702059979615877,1.0054477,6.2793961,0.36157605,14,831
da02,1702059980116322,6.1183333,0.8412708,0.6112901,33,836
85ab,1702059980615960,0.98691076,6.2784,0.35992667,12,841
da02,1702059981116394,6.1123242,0.84962595,0.60321611,32,846
85ab,1702059981615861,0.97962087,6.2628117,0.3586022,13,851
da02,1702059982115776,6.1325412,0.84025484,0.61773276,33,856
85ab,1702059982615034,0.97372997,6.241683,0.36630869,14,861
da02,1702059983115032,6.130589,0.83584756,0.61844236,33,866
85ab,1702059983615862,0.97971618,6.2442155,0.37553665,14,871
da02,1702059984116100,6.1318789,0.83276385,0.61994416,33,876
85ab,1702059984615807,0.97522128,6.2341223,0.37995952,14,881
da02,1702059985117852,6.1415315,0.82182747,0.63759488,35,886
85ab,1702059985615886,0.97618264,6.246695,0.3781907,13,891
da02,1702059986115872,6.1319566,0.829067,0.61195779,31,896
85ab,1702059986615949,0.97808218,6.2513552,0.37091756,13,901
da02,1702059987115861,6.1439185,0.8229993,0.61665165,33,906
85ab,1702059987615880,0.96205747,6.2617459,0.35972795,11,911
da02,1702059988115060,6.1505523,0.81234014,0.64242339,36,916
85ab,1702059988615042,0.96197724,6.2674127,0.36108932,12,921
da02,1702059989115936,6.1464486,0.81781822,0.63780332,33,926
85ab,1702059989615932,0.96016443,6.2498441,0.36355537,14,931
da02,1702059990116450,6.1331668,0.81566936,0.63077593,34,936
85ab,1702059990615922,0.95155871,6.2552638,0.35450092,12,941
da02,1702059991115806,6.1253595,0.82411331,0.63617724,34,946
85ab,1702059991615942,0.95552295,6.2667665,0.35910487,12,951
da02,1702059992116473,6.1307836,0.802899,0.64167845,35,956
85ab,1702059992615799,0.95378512,6.2567387,0.36815649,13,961
da02,1702059993115980,6.1058855,0.81111884,0.62252885,33,966
85ab,1702059993615114,0.96293396,6.2540989,0.37928289,14,971
da02,1702059994115079,6.1053634,0.814101,0.59446979,30,976
85ab,1702059994615944,0.97058415,6.2646418,0.37701261,13,981
da02,1702059995116470,6.1099658,0.81982285,0.5978511,33,986
85ab,1702059995615836,0.97237343,6.2642503,0.37492269,13,991
da02,1702059996115974,6.114923,0.8151167,0.64155167,38,996
85ab,1702059996615992,0.96026731,6.2555513,0.37576127,13,1001
da02,1702059997115830,6.1282248,0.80921715,0.648049,34,1006
85ab,1702059997615927,0.96347427,6.257688,0.38145223,13,1011
da02,1702059998115980,6.1507573,0.81508511,0.6499052,32,1016
85ab,1702059998616075,0.96633458,6.24631,0.3810446,14,1021
da02,1702059999115165,6.1495295,0.81764054,0.639941,32,1026
85ab,1702059999615076,0.96234542,6.2496619,0.37254,12,1031
da02,1702060000115838,6.1412807,0.82246327,0.65000087,35,1036
85ab,1702060000616450,0.97240752,6.2352657,0.37392387,14,1041
da02,1702060001116007,6.1468248,0.81056023,0.66511488,36,1046
85ab,1702060001615956,0.9769851,6.2523565,0.3707422,13,1051
da02,1702060002115975,6.1427817,0.79066008,0.66129851,35,1056
85ab,1702060002615828,0.97317296,6.2402282,0.37636369,14,1061
da02,1702060003116498,6.1313858,0.80202919,0.65040267,34,1066
85ab,1702060003615881,0.98037624,6.2442446,0.38319066,14,1071
da02,1702060004116019,6.123373,0.8220433,0.62576735,31,1076
85ab,1702060004615154,0.99958694,6.2184992,0.39624298,16,1081
da02,1702060005115118,6.1203065,0.82825696,0.62024242,33,1086
85ab,1702060005615877,0.9887045,6.244308,0.38223186,12,1091
da02,1702060006115896,6.134408,0.813212,0.62458104,33,1096
85ab,1702060006615870,0.98480219,6.2582517,0.38331157,13,1101
da02,1702060007115860,6.1218877,0.83024383,0.60627222,31,1106
85ab,1702060007615841,0.97397918,6.254271,0.37878308,13,1111
da02,1702060008115977,6.1214595,0.82744157,0.61372828,34,1116
85ab,1702060008615862,0.96803665,6.26816,0.37075669,12,1121
da02,1702060009115872,6.1268549,0.81998128,0.62349421,34,1126
85ab,1702060009615962,0.98377764,6.2619834,0.37673327,14,1131
da02,1702060010116340,6.1311164,0.81530297,0.63593096,35,1136
85ab,1702060010615165,0.97860372,6.2538514,0.38138637,14,1141
da02,1702060011116616,6.1221976,0.83311331,0.6162383,31,1146
85ab,1702060011615854,0.96324778,6.2581272,0.3630617,11,1151
da02,1702060012115957,6.1182871,0.83548456,0.59760052,31,1156
85ab,1702060012615928,0.97200435,6.24384,0.365496,14,1161
da02,1702060013115891,6.118279,0.83295465,0.5985204,33,1166
85ab,1702060013615949,0.97630703,6.240109,0.37190276,14,1171
da02,1702060014116458,6.1130538,0.83918095,0.59417373,32,1176
85ab,1702060014615994,0.97053462,6.2253451,0.37435341,14,1181
da02,1702060015115186,6.1196094,0.82658267,0.61692846,36,1186
85ab,1702060015615514,0.97849321,6.2205191,0.37805581,14,1191
da02,1702060016115953,6.1256456,0.83473563,0.62920177,34,1196
85ab,1702060016616484,0.99049294,6.2331181,0.38338393,14,1201
da02,1702060017116029,6.1212826,0.85172147,0.59255022,28,1206
85ab,1702060017616012,0.97397083,6.2373796,0.3683506,12,1211
da02,1702060018116085,6.1293783,0.8406353,0.59338832,32,1216
85ab,1702060018615928,0.97350067,6.2384782,0.36692739,13,1221
da02,1702060019115955,6.1330924,0.82602274,0.59184331,32,1226
85ab,1702060019616039,0.96265209,6.2400017,0.35974124,12,1231
da02,1702060020116041,6.1336851,0.81789112,0.62482554,37,1236
85ab,1702060020615168,0.96597272,6.2486839,0.37020329,13,1241
da02,1702060021116106,6.1395283,0.81438243,0.62781245,33,1246
85ab,1702060021615968,0.95730454,6.2486324,0.3686657,13,1251
da02,1702060022116026,6.1323757,0.81801367,0.61199039,32,1256
85ab,1702060022616050,0.9631201,6.2582865,0.36831498,13,1261
da02,1702060023115983,6.1223083,0.83161169,0.59419042,31,1266
85ab,1702060023616034,0.96202636,6.2577882,0.37223893,13,1271
da02,1702060024116108,6.1317897,0.8226667,0.60655767,34,1276
85ab,1702060024615980,0.96638209,6.2417831,0.37226471,14,1281
da02,1702060025116507,6.1270261,0.8226735,0.60452104,33,1286
85ab,1702060025616018,0.9663049,6.2389841,0.375567,13,1291
da02,1702060026115212,6.1201887,0.81772685,0.61359096,35,1296
85ab,1702060026615178,0.95905787,6.2352085,0.37011868,13,1301
da02,1702060027116422,6.1212878,0.8091796,0.63921368,37,1306
85ab,1702060027615994,0.96274728,6.2407703,0.36173514,13,1311
da02,1702060028116005,6.1234655,0.82759494,0.61424667,30,1316
85ab,1702060028615963,0.98947465,6.2190847,0.38228542,17,1321
da02,1702060029116089,6.1206269,0.84525037,0.58004916,28,1326
85ab,1702060029616028,0.98762339,6.2233586,0.38168347,14,1331
da02,1702060030115976,6.1230893,0.84361523,0.60051405,34,1336
85ab,1702060030616044,0.97935617,6.2540469,0.37063941,11,1341
da02,1702060031116082,6.1287785,0.83903813,0.60289758,32,1346
85ab,1702060031615157,0.95681924,6.25322,0.35913843,12,1351
da02,1702060032115243,6.113205,0.8423444,0.58096075,31,1356
85ab,1702060032616503,0.95804858,6.2587676,0.36138946,13,1361
da02,1702060033115979,6.1341739,0.82590383,0.60455304,34,1366
85ab,1702060033616030,1.0143511,6.2620921,0.38848674,57,1371
da02,1702060034116042,6.1325655,0.82737136,0.58489519,30,1376
85ab,1702060034615950,1.0041158,6.2679625,0.3811779,13,1381
da02,1702060035116118,6.135035,0.813639,0.62742883,38,1386
85ab,1702060035616093,0.99318677,6.2466545,0.38330153,14,1391
da02,1702060036116526,6.1423373,0.80592924,0.645563,36,1396
85ab,1702060036616098,0.99726152,6.2503405,0.38205558,14,1401
da02,1702060037115204,6.1281857,0.82448941,0.63447011,33,1406
85ab,1702060037615125,0.98047274,6.2321773,0.37708354,13,1411
da02,1702060038116053,6.1391387,0.81526542,0.65786868,36,1416
85ab,1702060038616048,0.98552108,6.2497468,0.37702587,13,1421
da02,1702060039116009,6.117393,0.81992722,0.63148779,32,1426
85ab,1702060039616060,0.97455913,6.2455158,0.3708936,13,1431
da02,1702060040116066,6.0984735,0.83499485,0.59444851,30,1436
85ab,1702060040615956,0.96874833,6.24804,0.38013369,13,1
da02,1702060041116032,6.1120977,0.83055711,0.599214,32,6
85ab,1702060041615990,0.97391349,6.2408843,0.37968615,14,11
da02,1702060042116113,6.1217403,0.82454079,0.60376793,33,16
85ab,1702060042615284,0.97303689,6.2427831,0.38004726,13,21
da02,1702060043115540,6.1352005,0.81507832,0.59356737,31,26
85ab,1702060043616140,0.97600067,6.2572837,0.37624374,13,31
da02,1702060044116217,6.1210637,0.83315754,0.5719,30,36
85ab,1702060044615962,0.98367125,6.253406,0.37677315,14,41
da02,1702060045116189,6.1263776,0.81551564,0.59194213,35,46
85ab,1702060045616028,0.97856259,6.2517567,0.37586343,13,51
da02,1702060046116024,6.1185012,0.83568639,0.58771986,31,56
85ab,1702060046616122,0.97935778,6.264966,0.37914866,13,61
da02,1702060047115989,6.1103973,0.844726,0.60166329,34,66
85ab,1702060047616062,0.97424257,6.2559533,0.37873322,13,71
da02,1702060048115633,6.1170387,0.82805884,0.6235801,36,76
85ab,1702060048615299,0.97939569,6.2679963,0.37880602,13,81
da02,1702060049116160,6.1393995,0.82926857,0.642208,34,86
85ab,1702060049616175,0.96988916,6.275188,0.37484807,12,91
da02,1702060050116053,6.12038,0.85910642,0.58933872,27,96
85ab,1702060050616022,0.95157224,6.2828774,0.35594803,11,101
da02,1702060051116059,6.1295776,0.85536593,0.61375058,34,106
85ab,1702060051616036,0.96928006,6.28088,0.36191484,14,111
da02,1702060052116015,6.1323953,0.82702988,0.62812042,36,116
85ab,1702060052616056,0.96200126,6.2670507,0.36137694,13,121
da02,1702060053116107,6.1163611,0.81720322,0.60588151,32,126
85ab,1702060053615322,0.95767558,6.2756433,0.35113597,12,131
da02,1702060054115298,6.1320367,0.80099839,0.62627542,35,136
85ab,1702060054616197,0.97202963,6.2706757,0.36177978,14,141
da02,1702060055116156,6.1306143,0.80034703,0.62358606,33,146
85ab,1702060055616093,0.97628307,6.2862439,0.3645097,12,151
da02,1702060056116222,6.1419487,0.7982,0.641058,35,156
85ab,1702060056616197,0.9813481,6.2744269,0.36840269,14,161
da02,1702060057116176,6.1471272,0.79597878,0.66343433,36,166
85ab,1702060057616221,0.98828828,6.2759218,0.37735429,14,171
da02,1702060058116725,6.1546855,0.79883653,0.64961439,32,176
85ab,1702060058616686,0.97805721,6.2548432,0.37816465,14,181
da02,1702060059115383,6.1450109,0.80837446,0.6408965,33,186
85ab,1702060059615330,0.973977,6.2588611,0.37603372,13,191
da02,1702060060116217,6.1482558,0.80566579,0.6165784,30,196
85ab,1702060060616230,0.96477187,6.2480283,0.37522462,13,201
da02,1702060061116247,6.1563454,0.79191327,0.63541144,35,206
85ab,1702060061616222,0.95997816,6.2490988,0.38034752,13,211
da02,1702060062117811,6.1352925,0.8166849,0.62139416,32,216
85ab,1702060062616218,0.96512532,6.2474065,0.380872,13,221
da02,1702060063116252,6.1688561,0.77969569,0.683126,40,226
85ab,1702060063616237,0.9599005,6.2444506,0.38320979,13,231
da02,1702060064116739,6.1692553,0.79435372,0.69873267,36,236
85ab,1702060064615534,0.96257079,6.2599559,0.3738974,12,241
da02,1702060065115375,6.176187,0.794469,0.70297241,35,246
85ab,1702060065616232,0.96278149,6.2745609,0.36387238,12,251
da02,1702060066116245,6.168664,0.80420047,0.66147441,30,256
85ab,1702060066616253,0.96039051,6.2927485,0.35440451,11,261
da02,1702060067116246,6.1689091,0.81187224,0.68562543,37,266
85ab,1702060067616166,0.96256191,6.2977304,0.35297456,12,271
da02,1702060068116240,6.1534109,0.82860267,0.68121672,34,276
85ab,1702060068616222,0.95885521,6.273119,0.35112113,13,281
da02,1702060069116672,6.1666479,0.80739588,0.6841138,35,286
85ab,1702060069616273,0.95697039,6.2698622,0.36491662,13,291
da02,1702060070115640,6.1680722,0.81880909,0.65817869,30,296
85ab,1702060070615393,0.96253955,6.2498789,0.3711839,14,301
da02,1702060071116270,6.155757,0.81957328,0.67148584,36,306
85ab,1702060071616118,0.97095042,6.2541409,0.37907118,14,311
da02,1702060072116165,6.169003,0.81338364,0.67998463,34,316
85ab,1702060072616145,0.96352571,6.2369862,0.38883978,14,321
da02,1702060073116285,6.1695576,0.82040137,0.67672116,33,326
85ab,1702060073616303,0.97542107,6.2216249,0.39238435,15,331
da02,1702060074116778,6.1579475,0.82476342,0.66303945,33,336
85ab,1702060074616308,0.98168939,6.2351961,0.3947106,14,341
da02,1702060075115425,6.1388383,0.82732761,0.62432462,30,346
85ab,1702060075616302,0.98831564,6.2397828,0.38842681,14,351
da02,1702060076116316,6.1498718,0.80408406,0.63746685,35,356
85ab,1702060076616286,0.97991818,6.2470136,0.37779608,12,361
da02,1702060077116286,6.1398706,0.81166804,0.61518955,31,366
85ab,1702060077616273,0.97253311,6.2569413,0.36788055,12,371
da02,1702060078116131,6.1440659,0.82979971,0.61322373,31,376
85ab,1702060078616294,0.96657711,6.2762442,0.3618747,11,381
da02,1702060079116292,6.1322455,0.83478028,0.6077131,33,386
85ab,1702060079616154,0.9696995,6.2693028,0.36766252,13,391
da02,1702060080116787,6.1278744,0.82368392,0.62283742,35,396
85ab,1702060080615444,0.96699882,6.2681646,0.36702168,13,401
da02,1702060081116291,6.1306682,0.81354755,0.60233796,31,406
85ab,1702060081616268,0.96388775,6.2505546,0.37198853,14,411
da02,1702060082116297,6.131938,0.80931044,0.60504353,33,416
85ab,1702060082616268,0.96405989,6.2515731,0.37443936,13,421
da02,1702060083116294,6.1384559,0.78648376,0.6252383,36,426
85ab,1702060083616268,0.96314478,6.2566962,0.37031862,13,431
da02,1702060084116308,6.1314645,0.811597,0.597006,29,436
85ab,1702060084616319,0.965669,6.2629166,0.37188217,13,441
da02,1702060085116756,6.1355672,0.81798232,0.62741405,36,446
85ab,1702060085616568,0.96863008,6.2208509,0.38323805,16,451
da02,1702060086115465,6.1392031,0.80751133,0.6332494,34,456
85ab,1702060086615453,0.97477472,6.2422009,0.38720298,13,461
da02,1702060087116279,6.1399422,0.81084418,0.63589919,34,466
85ab,1702060087616276,0.9722659,6.2340007,0.38582635,14,471
da02,1702060088116306,6.1485553,0.80762583,0.6496616,35,476
85ab,1702060088616288,0.9731831,6.2385778,0.39169198,14,481
da02,1702060089116310,6.1400862,0.80868542,0.64507562,34,486
85ab,1702060089616296,0.98220885,6.2343483,0.39589554,14,491
da02,1702060090116784,6.1410036,0.82131267,0.65031213,34,496
85ab,1702060090616310,0.9778415,6.2359252,0.38956019,13,501
da02,1702060091116938,6.1317492,0.82878196,0.65722191,35,506
85ab,1702060091615488,0.97711,6.2422929,0.38281518,13,511
da02,1702060092115482,6.1400294,0.82346386,0.6236732,29,516
85ab,1702060092616297,0.9797613,6.2483249,0.38281178,13,521
da02,1702060093116306,6.1564555,0.82259506,0.620035,31,526
85ab,1702060093616316,0.99428856,6.2577643,0.38840345,14,531
da02,1702060094116317,6.1606903,0.83430147,0.59731293,29,536
85ab,1702060094616324,0.99156445,6.2442842,0.39205647,14,541
da02,1702060095116329,6.1527848,0.82692516,0.61666942,35,546
85ab,1702060095616774,0.98914707,6.2435117,0.3926076,14,551
da02,1702060096116368,6.1564274,0.81278479,0.63878131,36,556
85ab,1702060096616340,0.98770833,6.2447534,0.39120251,13,561
da02,1702060097115470,6.1652155,0.824169,0.64010239,32,566
85ab,1702060097615492,0.97870922,6.2594724,0.37939122,12,571
da02,1702060098116339,6.1677055,0.81288934,0.64738888,34,576
85ab,1702060098616321,0.97781074,6.2631888,0.37010986,13,581
da02,1702060099116361,6.1771569,0.80149329,0.66457868,35,586
85ab,1702060099616359,0.97057545,6.2604966,0.36613056,13,591
da02,1702060100116333,6.1594315,0.79306543,0.65685117,35,596
85ab,1702060100616837,0.97090834,6.2537184,0.37002066,13,601
da02,1702060101116349,6.16606,0.80425239,0.642898,31,606
85ab,1702060101616326,0.9712038,6.2630978,0.36404893,12,611
da02,1702060102116910,6.1579986,0.79520851,0.65088737,36,616
85ab,1702060102615524,0.97964722,6.2616844,0.37149251,14,621
da02,1702060103115500,6.1487751,0.81896269,0.67181176,36,626
85ab,1702060103616360,0.97658932,6.2603364,0.37558672,13,631
da02,1702060104116578,6.1315546,0.83362788,0.6455074,32,636
85ab,1702060104616292,0.97862291,6.2570858,0.38139272,14,641
da02,1702060105116346,6.1160097,0.84734857,0.59683675,28,646
85ab,1702060105616842,0.97406709,6.2608309,0.37553364,13,651
da02,1702060106116360,6.1296234,0.823712,0.6084463,34,656
85ab,1702060106616234,0.97395062,6.2433753,0.37569264,14,661
da02,1702060107116364,6.1308417,0.83619922,0.60517412,31,666
85ab,1702060107616372,0.97706169,6.2393417,0.37802207,14,671
da02,1702060108115548,6.1511216,0.82155114,0.62288231,34,676
85ab,1702060108615510,0.98198557,6.2435927,0.37301,13,681
da02,1702060109116364,6.1494966,0.823711,0.58870459,28,686
85ab,1702060109616345,0.98562497,6.24132,0.37517154,14,691
da02,1702060110116381,6.1296611,0.83976328,0.56203043,29,696
85ab,1702060110616824,0.98614746,6.2453508,0.37784395,13,701
da02,1702060111116365,6.1307774,0.84494585,0.56090122,30,706
85ab,1702060111616366,0.98296309,6.2486596,0.37544227,13,711
da02,1702060112116361,6.1480517,0.82383442,0.60677975,36,716
85ab,1702060112616369,0.9801991,6.2481966,0.37582961,13,721
da02,1702060113116895,6.144455,0.82554936,0.62226844,34,726
85ab,1702060113615556,0.97454005,6.2447729,0.37291276,13,731
da02,1702060114115500,6.2132177,0.80819571,0.57074374,55,736
85ab,1702060114616360,0.97858453,6.2348166,0.3784546,14,741
da02,1702060115116332,6.1949468,0.7953676,0.60903871,37,746
85ab,1702060115616330,0.96062386,6.2343178,0.36830455,12,751
da02,1702060116116850,6.1689558,0.80941641,0.59646189,32,756
85ab,1702060116616342,0.96556807,6.2454243,0.37275666,13,761
da02,1702060117116336,6.1648574,0.799397,0.62351924,36,766
85ab,1702060117616380,0.96002072,6.2239,0.36921942,14,771
da02,1702060118116359,6.155571,0.79119337,0.64748049,37,776
85ab,1702060118616370,0.97055709,6.2544527,0.3665801,12,781
da02,1702060119115703,6.151124,0.79444063,0.6655274,36,786
85ab,1702060119615524,0.96651918,6.2393017,0.37606826,14,791
da02,1702060120116348,6.14419,0.8130759,0.66631353,34,796
85ab,1702060120616386,0.98478609,6.2617583,0.37468937,13,801
da02,1702060121116344,6.1516824,0.81702685,0.651491,32,806
85ab,1702060121616879,0.96483755,6.2608075,0.37245768,12,811
da02,1702060122116374,6.1500511,0.82267046,0.64606947,33,816
85ab,1702060122616379,0.9698512,6.2629166,0.3731378,13,821
da02,1702060123116356,6.1555381,0.82282203,0.67052913,36,826
85ab,1702060123616389,0.96419138,6.2452326,0.37899163,14,831
da02,1702060124116929,6.1483459,0.82011229,0.67452544,36,836
85ab,1702060124615693,0.96116579,6.2404413,0.36871505,13,841
da02,1702060125115554,6.1528988,0.80793375,0.68574709,36,846
85ab,1702060125616369,0.96530968,6.252852,0.36646485,13,851
da02,1702060126116400,6.1506696,0.80979872,0.70917594,38,856
85ab,1702060126616389,0.97522664,6.2295194,0.38236722,15,861
da02,1702060127116861,6.1453018,0.80746835,0.70834929,36,866
85ab,1702060127616389,0.97114414,6.238327,0.37805021,13,871
da02,1702060128116412,6.1447682,0.79782212,0.75011396,42,876
85ab,1702060128616384,0.97571033,6.2549434,0.37091908,12,881
da02,1702060129116421,6.1505561,0.80737382,0.71803641,32,886
85ab,1702060129616413,0.97584242,6.2585182,0.37100929,13,891
da02,1702060130116675,6.1619987,0.81989878,0.7033186,32,896
85ab,1702060130615539,0.96868479,6.2767096,0.36560237,12,901
da02,1702060131116340,6.1572137,0.81430262,0.68258548,33,906
85ab,1702060131616422,0.98098737,6.3023062,0.36461648,12,911
da02,1702060132116888,6.1566339,0.81468642,0.6909458,36,916
85ab,1702060132616456,0.97905087,6.3072844,0.36435202,12,921
da02,1702060133116321,6.1604671,0.80772835,0.67569071,33,926
85ab,1702060133616424,0.99177527,6.278646,0.38234571,15,931
da02,1702060134116440,6.1547751,0.81014645,0.67985314,35,936
85ab,1702060134616449,0.97522676,6.2680297,0.37555677,13,941
da02,1702060135115898,6.149847,0.81482983,0.66999495,34,946
85ab,1702060135616446,0.991319,6.2421212,0.38220754,16,951
da02,1702060136116332,6.1596694,0.8044588,0.71078253,40,956
85ab,1702060136616432,0.99545205,6.2437105,0.38145486,14,961
da02,1702060137116427,6.1484222,0.80631018,0.6909163,34,966
85ab,1702060137616338,0.97651738,6.2545953,0.37132424,12,971
da02,1702060138116426,6.1506224,0.79239661,0.696327,37,976
85ab,1702060138616443,0.9717015,6.2509589,0.37708941,13,981
da02,1702060139117966,6.1610193,0.808655,0.67173839,30,986
85ab,1702060139616420,0.974957,6.2805533,0.37280083,12,991
da02,1702060140116647,6.1623917,0.82247514,0.64167225,29,996
85ab,1702060140615647,0.96989924,6.2820959,0.36460245,12,1001
da02,1702060141116501,6.1664944,0.818252,0.62641227,31,1006
85ab,1702060141616484,0.96239394,6.2738209,0.36935946,13,1011
da02,1702060142116948,6.1741166,0.81573921,0.65019667,35,1016
85ab,1702060142616512,0.96477222,6.2726765,0.36935568,13,1021
da02,1702060143116491,6.1665931,0.8396489,0.62115866,29,1026
85ab,1702060143616482,0.97842795,6.2561626,0.38035554,15,1031
da02,1702060144116509,6.1613655,0.84262735,0.59413415,29,1036
85ab,1702060144616494,0.97429729,6.26874,0.3708066,12,1041
da02,1702060145116503,6.141686,0.84281838,0.58946836,32,1046
85ab,1702060145616524,0.98051518,6.2618537,0.37865818,14,1051
da02,1702060146115941,6.15123,0.83228987,0.61557525,35,1056
85ab,1702060146616508,0.97515428,6.2805233,0.36559772,11,1061
da02,1702060147116486,6.1574097,0.81535935,0.62411231,34,1066
85ab,1702060147616993,0.97471815,6.2750387,0.36625764,13,1071
da02,1702060148116513,6.1490731,0.80729449,0.62251794,34,1076
85ab,1702060148616516,0.9776873,6.2674222,0.36539209,13,1081
da02,1702060149116514,6.14778,0.80466771,0.63472211,35,1086
85ab,1702060149616526,0.9686079,6.2758851,0.36442617,12,1091
da02,1702060150116521,6.1363664,0.823185,0.6081928,30,1096
85ab,1702060150616524,0.97122264,6.2578745,0.37357953,14,1101
da02,1702060151116586,6.1341419,0.81601351,0.64238071,38,1106
85ab,1702060151615697,0.96743131,6.250216,0.37304547,13,1111
da02,1702060152115700,6.1387467,0.8032214,0.65749156,36,1116
85ab,1702060152617134,0.97104722,6.270483,0.37094322,12,1121
da02,1702060153116593,6.1372342,0.79544681,0.62244749,30,1126
85ab,1702060153616426,0.96663624,6.2782173,0.35923776,12,1131
da02,1702060154116523,6.1320825,0.81454635,0.62095386,33,1136
85ab,1702060154616530,0.96106744,6.2696633,0.3622314,13,1141
da02,1702060155116534,6.1416216,0.81701189,0.61781728,32,1146
85ab,1702060155616558,0.97209424,6.2664742,0.36613598,14,1151
da02,1702060156116589,6.1511664,0.80517811,0.64174044,36,1156
85ab,1702060156616598,0.97100908,6.2817178,0.35783118,12,1161
da02,1702060157115701,6.1480947,0.81427121,0.61469245,30,1166
85ab,1702060157615735,0.96367508,6.2661428,0.357679,13,1171
da02,1702060158117144,6.1399755,0.81792337,0.62540656,35,1176
85ab,1702060158616607,0.95850962,6.2530708,0.36089611,13,1181
da02,1702060159116442,6.12549,0.82426083,0.5936268,30,1186
85ab,1702060159616460,0.96256685,6.2508035,0.36683008,13,1191
da02,1702060160116418,6.1212492,0.82407379,0.60729939,34,1196
85ab,1702060160616558,0.96890026,6.2500863,0.368377,13,1201
da02,1702060161116562,6.12342,0.813447,0.6264509,36,1206
85ab,1702060161616550,0.98152393,6.2425618,0.37839252,15,1211
da02,1702060162116562,6.1204991,0.81170821,0.63267404,35,1216
85ab,1702060162615752,0.99047613,6.2320457,0.38149533,15,1221
da02,1702060163115712,6.1263494,0.798988,0.638627,35,1226
85ab,1702060163617140,0.98254341,6.2414727,0.38098034,13,1231
da02,1702060164116792,6.1229367,0.81483233,0.61358565,30,1236
85ab,1702060164616586,0.97734177,6.2387514,0.38162112,13,1241
da02,1702060165116484,6.1173148,0.82037133,0.61728275,34,1246
85ab,1702060165616430,0.9680475,6.2343378,0.37655261,13,1251
da02,1702060166116478,6.1356854,0.81235188,0.63599712,35,1256
85ab,1702060166616485,0.95604414,6.2574854,0.35668162,11,1261
da02,1702060167116805,6.1354661,0.79281694,0.61957335,32,1266
85ab,1702060167616586,0.95892644,6.2593012,0.35974312,13,1271
da02,1702060168116043,6.1398425,0.8078571,0.62192565,32,1276
85ab,1702060168615736,0.96146387,6.2613683,0.36062714,13,1281
da02,1702060169117026,6.1458826,0.8070696,0.61939996,32,1286
85ab,1702060169616598,0.96877736,6.2696748,0.36149335,13,1291
da02,1702060170116591,6.1426044,0.80759996,0.62467945,34,1296
85ab,1702060170616583,0.98776829,6.2702723,0.36547691,14,1301
da02,1702060171116592,6.1530581,0.80577856,0.65410441,36,1306
85ab,1702060171616623,0.96451455,6.2664876,0.36606324,12,1311
da02,1702060172116631,6.150949,0.8186146,0.61488086,28,1316
85ab,1702060172616643,0.9793641,6.2584734,0.37994522,15,1321
da02,1702060173116661,6.138731,0.82480878,0.60084528,31,1326
85ab,1702060173615816,0.973633,6.2436767,0.37228981,13,1331
da02,1702060174115799,6.147233,0.83393115,0.58535844,29,1336
85ab,1702060174617215,0.97936058,6.2335749,0.3774516,14,1341
da02,1702060175116654,6.1417212,0.83112049,0.61051905,35,1346
85ab,1702060175616674,0.98791838,6.239542,0.38255355,14,1351
da02,1702060176116662,6.132247,0.82631296,0.62638378,36,1356
85ab,1702060176616679,0.9875375,6.2286692,0.38601461,14,1361
da02,1702060177116660,6.1390624,0.81689239,0.65805835,37,1366
85ab,1702060177616664,0.98838317,6.2371335,0.37916771,13,1371
da02,1702060178116662,6.2186422,0.81204784,0.59096843,55,1376
85ab,1702060178616688,0.98614967,6.2668319,0.364125,11,1381
da02,1702060179116935,6.1822915,0.82705414,0.59063846,33,1386
85ab,1702060179615824,0.98155063,6.2740617,0.35878882,12,1391
da02,1702060180117217,6.1605792,0.82174158,0.57377064,31,1396
85ab,1702060180616678,0.97984761,6.271029,0.36370543,13,1401
da02,1702060181116678,6.141232,0.81556541,0.55483544,30,1406
85ab,1702060181616677,0.98530912,6.272069,0.38017794,14,1411
da02,1702060182116694,6.144568,0.8166576,0.5710656,33,1416
85ab,1702060182616700,0.98092026,6.2701044,0.37340686,13,1421
da02,1702060183116702,6.148973,0.82195562,0.57547325,31,1426
85ab,1702060183616698,0.98116392,6.2797389,0.37297836,13,1431
da02,1702060184116706,6.1330209,0.82926416,0.605399,36,1436
85ab,1702060184616119,0.97451156,6.2703867,0.37245005,13,1
da02,1702060185115833,6.1371279,0.81298453,0.63533175,37,6
85ab,1702060185617216,0.97357839,6.2635112,0.36707112,13,11
da02,1702060186116704,6.135406,0.81382543,0.63141143,33,16
85ab,1702060186616703,0.98552507,6.251915,0.36835286,14,21
da02,1702060187116714,6.1254148,0.81970006,0.60755461,31,26
85ab,1702060187616694,0.9990257,6.2492352,0.37732059,15,31
da02,1702060188116708,6.1145787,0.82246053,0.60158271,33,36
85ab,1702060188616813,0.98544389,6.242054,0.36983928,13,41
da02,1702060189116725,6.1234889,0.81490749,0.5694654,28,46
85ab,1702060189616721,0.98418307,6.22557,0.3831467,15,51
da02,1702060190116418,6.13249,0.8182025,0.59489608,34,56
85ab,1702060190615870,0.97562218,6.2333746,0.3863793,13,61
da02,1702060191117265,6.1340456,0.8163954,0.59546262,32,66
85ab,1702060191616731,0.97582263,6.2243156,0.38493189,14,71
da02,1702060192116738,6.1523595,0.80687565,0.61182654,33,76
85ab,1702060192616736,0.98929775,6.2406249,0.38060057,13,81
da02,1702060193116763,6.1458459,0.83583659,0.60692346,31,86
85ab,1702060193616792,0.98453718,6.2472005,0.38317382,13,91
da02,1702060194116771,6.1529589,0.82851869,0.612613,33,96
85ab,1702060194616794,1.0168839,6.249207,0.39069617,15,101
da02,1702060195115893,6.1602321,0.80422533,0.63996267,37,106
85ab,1702060195616770,1.0132045,6.2374482,0.39473993,15,111
da02,1702060196117221,6.1566353,0.80613506,0.63106805,32,116
85ab,1702060196616773,1.0003375,6.2491894,0.38734829,12,121
da02,1702060197116779,6.1583257,0.81067365,0.66469675,37,126
85ab,1702060197616808,0.98747051,6.2377095,0.38339752,13,131
da02,1702060198116786,6.1560879,0.80564123,0.66613156,35,136
85ab,1702060198616772,0.990818,6.2413869,0.38189751,14,141
da02,1702060199116782,6.1476092,0.79797119,0.6250332,30,146
85ab,1702060199616785,0.98212785,6.2434435,0.37733221,13,151
da02,1702060200116812,6.1496224,0.7943629,0.64081669,35,156
85ab,1702060200615912,0.99149805,6.2396703,0.38028583,14,161
da02,1702060201117897,6.1381488,0.82066131,0.62776411,32,166
85ab,1702060201616782,1.0804309,6.2549491,0.42711252,56,171
da02,1702060202116790,6.1431789,0.82607555,0.61929661,31,176
85ab,1702060202616813,1.0753381,6.2499757,0.422785,15,181
da02,1702060203116800,6.1568561,0.82128429,0.633094,34,186
85ab,1702060203616775,1.0526845,6.2549205,0.414863,13,191
da02,1702060204116805,6.1459765,0.82273704,0.64117426,35,196
85ab,1702060204616786,1.0179747,6.2566729,0.3991811,12,201
da02,1702060205116809,6.1507759,0.75094539,0.59711361,64,206
85ab,1702060205616805,1.0125691,6.25911,0.39607552,13,211
da02,1702060206115940,6.1397285,0.76842934,0.60021174,33,216
85ab,1702060206616250,0.99806541,6.2471008,0.39255288,14,221
da02,1702060207116794,6.1456614,0.78226715,0.62483329,35,226
85ab,1702060207616812,0.98681271,6.2553034,0.3851271,12,231
da02,1702060208116798,6.1533666,0.79660064,0.61943716,31,236
85ab,1702060208616797,0.99097961,6.2709002,0.38351741,13,241
da02,1702060209116823,6.1591454,0.80176145,0.61301732,31,246
85ab,1702060209616802,0.982249,6.2367082,0.38932443,15,251
da02,1702060210116828,6.1590209,0.79847682,0.61865103,33,256
85ab,1702060210616812,0.96839106,6.2714214,0.37656817,11,261
da02,1702060211116824,6.1593561,0.82095784,0.58845705,28,266
85ab,1702060211616276,0.9870097,6.26793,0.37449306,14,271
da02,1702060212117174,6.1668067,0.80770785,0.61912078,36,276
85ab,1702060212616674,0.97417134,6.2731771,0.36897352,12,281
da02,1702060213116666,6.1595435,0.81659824,0.61239946,32,286
85ab,1702060213616671,0.97798073,6.2664466,0.368951,13,291
da02,1702060214116683,6.1626573,0.80262345,0.63846773,36,296
85ab,1702060214616670,0.99021989,6.2808542,0.36421019,13,301
da02,1702060215116800,6.1556172,0.80472726,0.62098944,31,306
85ab,1702060215616792,0.98526669,6.2738805,0.36805347,13,311
da02,1702060216118505,6.1465883,0.79842579,0.62406141,34,316
85ab,1702060216617439,0.97436833,6.2513628,0.36859655,14,321
da02,1702060217115839,6.1474781,0.80606776,0.60877097,31,326
85ab,1702060217615878,0.9885264,6.2628803,0.3705647,13,331
da02,1702060218116686,6.1399045,0.82330453,0.58840048,30,336
85ab,1702060218616681,0.97969913,6.2479773,0.37128457,14,341
da02,1702060219116680,6.145793,0.80669922,0.6170482,36,346
85ab,1702060219616696,0.96293169,6.2471256,0.36119202,12,351
da02,1702060220116689,6.1279311,0.81144714,0.5984624,32,356
85ab,1702060220616712,0.95611286,6.2340827,0.36716187,14,361
da02,1702060221116704,6.1395364,0.79243857,0.62329406,36,366
85ab,1702060221616708,0.95288074,6.2299953,0.36364651,13,371
da02,1702060222116725,6.1321106,0.80647558,0.6254124,34,376
85ab,1702060222615955,0.96810919,6.2412181,0.36667997,13,381
da02,1702060223116172,6.1333566,0.79678994,0.61274076,32,386
85ab,1702060223616712,0.96405423,6.2465453,0.36035821,12,391
da02,1702060224117242,6.1186385,0.81444049,0.62254161,35,396
85ab,1702060224616673,0.984063,6.2367029,0.3730931,15,401
da02,1702060225116718,6.1356764,0.82355565,0.65610504,36,406
85ab,1702060225616744,0.96772289,6.2482238,0.35472333,11,411
da02,1702060226116721,6.1382718,0.82734418,0.6541397,33,416
85ab,1702060226616856,0.97126591,6.2678552,0.35754979,12,421
da02,1702060227117385,6.13575,0.81517822,0.65182871,35,426
85ab,1702060227616834,0.9700107,6.267364,0.35746905,13,431
da02,1702060228116002,6.1483006,0.80768603,0.67412245,36,436
85ab,1702060228616014,0.96573651,6.2538447,0.36862105,14,441
da02,1702060229116824,6.1603069,0.81572479,0.67654312,33,446
85ab,1702060229616838,0.96369308,6.2412009,0.3703039,14,451
da02,1702060230116864,6.1601195,0.80991924,0.67953831,35,456
85ab,1702060230616860,0.96428818,6.2396646,0.37370056,13,461
da02,1702060231116848,6.1621151,0.8009795,0.69110245,36,466
85ab,1702060231616888,0.96152049,6.2305655,0.37363645,14,471
da02,1702060232116861,6.1682835,0.79565591,0.69950277,36,476
85ab,1702060232617322,0.98249811,6.2219367,0.38336182,15,481
da02,1702060233116899,6.1597471,0.81754971,0.68610346,33,486
85ab,1702060233616052,0.98819041,6.2135148,0.38300934,15,491
da02,1702060234116292,6.1700611,0.811787,0.68445075,34,496
85ab,1702060234616910,0.981577,6.217783,0.38314286,13,501
da02,1702060235116859,6.1605082,0.82141846,0.67322034,33,506
85ab,1702060235616886,0.98128289,6.2251706,0.3865664,14,511
da02,1702060236116896,6.1446805,0.82397848,0.6588611,34,516
85ab,1702060236616907,0.96148962,6.2251263,0.38259894,13,521
da02,1702060237116869,6.1491108,0.82184792,0.64695162,32,526
85ab,1702060237617365,0.96188766,6.2195272,0.38822192,14,531
da02,1702060238116873,6.1550131,0.82425094,0.67698896,37,536
85ab,1702060238616898,0.9640612,6.2514729,0.37454739,11,541
da02,1702060239116301,6.1508842,0.837508,0.62589508,27,546
85ab,1702060239616023,0.98945189,6.2371979,0.38456085,16,551
da02,1702060240116905,6.1551433,0.8382538,0.62535745,32,556
85ab,1702060240616830,0.97528893,6.2553549,0.37323338,12,561
da02,1702060241116949,6.1596737,0.82040322,0.60987681,31,566
85ab,1702060241616870,0.97078013,6.2582479,0.37619945,13,571
da02,1702060242116804,6.1386194,0.831549,0.60190678,32,576
85ab,1702060242617363,0.97318524,6.191236,0.40834478,66,581
da02,1702060243116895,6.1574683,0.81756914,0.63439077,35,586
85ab,1702060243616958,0.97032309,6.2111554,0.39866883,13,591
da02,1702060244116900,6.1505837,0.809691,0.64724118,36,596
85ab,1702060244616206,0.97284251,6.2291775,0.39515623,13,601
da02,1702060245116280,6.1532063,0.80490428,0.65048712,34,606
85ab,1702060245616931,0.9709152,6.2351236,0.37994093,13,611
da02,1702060246116903,6.1412654,0.82681888,0.61278319,29,616
85ab,1702060246616860,0.97158676,6.2341275,0.37536922,13,621
da02,1702060247116921,6.141161,0.82804739,0.63688409,36,626
85ab,1702060247616902,0.96883571,6.2378592,0.36895487,13,631
da02,1702060248117316,6.1597552,0.80891776,0.65939593,36,636
85ab,1702060248616908,0.97641903,6.2589488,0.37053734,13,641
da02,1702060249116896,6.1643887,0.81505984,0.66213638,33,646
85ab,1702060249616912,0.9702422,6.2521391,0.36989373,13,651
da02,1702060250117117,6.1701951,0.8104282,0.67612493,35,656
85ab,1702060250616089,0.97958672,6.2629976,0.37839237,13,661
da02,1702060251116884,6.1815825,0.79446185,0.68018061,35,666
85ab,1702060251616943,0.98377806,6.2616091,0.38125026,14,671
da02,1702060252116947,6.1677732,0.80552661,0.66830003,33,676
85ab,1702060252616864,0.978604,6.2681437,0.37978277,13,681
da02,1702060253117411,6.159996,0.80644274,0.66050619,34,686
85ab,1702060253616938,0.97012764,6.2607083,0.3701233,13,691
da02,1702060254116904,6.1623764,0.81004274,0.65047807,32,696
85ab,1702060254616966,0.96623433,6.2673435,0.36653307,12,701
da02,1702060255116110,6.1696835,0.79761922,0.65458578,34,706
85ab,1702060255616912,0.97343516,6.2450819,0.37667504,15,711
da02,1702060256117461,6.1692762,0.80723304,0.65449011,33,716
85ab,1702060256616970,0.9694671,6.2446752,0.37276816,13,721
da02,1702060257116900,6.1746664,0.80466986,0.6566937,33,726
85ab,1702060257616954,0.97191209,6.2466116,0.37146875,13,731
da02,1702060258117420,6.1606789,0.80960673,0.63153404,31,736
85ab,1702060258616896,0.98990303,6.25368,0.376117,14,741
da02,1702060259116969,6.1609817,0.80688691,0.64429331,35,746
85ab,1702060259616952,0.99886543,6.2378888,0.38558853,15,751
da02,1702060260116935,6.1615129,0.81216192,0.63397878,32,756
85ab,1702060260616132,1.00395,6.2571239,0.38727224,13,761
da02,1702060261116991,6.1580153,0.82378691,0.61348712,30,766
85ab,1702060261616898,1.0643579,6.175714,0.21729012,66,771
da02,1702060262116988,6.1575031,0.82125551,0.60765111,32,776
85ab,1702060262616962,1.0506399,6.2005072,0.2564117,13,781
da02,1702060263117424,6.161304,0.82807249,0.6164121,32,786
85ab,1702060263616998,1.0306253,6.2247386,0.27951512,12,791
da02,1702060264117000,6.1455245,0.843069,0.607712,32,796
85ab,1702060264616924,1.0238391,6.2366996,0.30798161,14,801
da02,1702060265116996,6.1305027,0.84901088,0.59668189,32,806
85ab,1702060265617017,1.0119853,6.259387,0.31516659,12,811
da02,1702060266116126,6.1485162,0.83941692,0.62041295,34,816
85ab,1702060266616156,1.0005987,6.2485518,0.32598481,13,821
da02,1702060267116968,6.1420774,0.85676056,0.60132068,30,826
85ab,1702060267616938,0.98430419,6.2656479,0.33830842,12,831
da02,1702060268117022,6.1415224,0.84957147,0.61486924,34,836
85ab,1702060268617471,0.98449904,6.2608,0.34546292,13,841
da02,1702060269116942,6.150887,0.83656967,0.64600331,36,846
85ab,1702060269617011,0.97772348,6.2532468,0.35450271,13,851
da02,1702060270117012,6.1368728,0.84180415,0.64677531,34,856
85ab,1702060270616909,0.97055572,6.2383766,0.35560802,13,861
da02,1702060271116994,6.1337724,0.82830715,0.65628844,36,866
85ab,1702060271616194,0.9600656,6.2291794,0.35622221,13,871
da02,1702060272116194,6.1369209,0.84613162,0.61118746,27,876
85ab,1702060272617078,0.96951222,6.2347069,0.36397323,14,881
da02,1702060273117020,6.1398592,0.83029878,0.63685346,36,886
85ab,1702060273617587,0.96255249,6.2364736,0.36032787,13,891
da02,1702060274116951,6.141315,0.8534314,0.61372542,29,896
85ab,1702060274616984,0.95771044,6.2217774,0.36218929,14,901
da02,1702060275117054,6.1505504,0.83516425,0.63849932,36,906
85ab,1702060275617067,0.9558351,6.228035,0.363496,13,911
da02,1702060276117013,6.1551881,0.82372445,0.61487591,30,916
85ab,1702060276617128,0.96854705,6.21144,0.37462571,15,921
da02,1702060277116116,6.1459227,0.83325893,0.63535482,35,926
85ab,1702060277616131,0.97549832,6.218462,0.37998584,14,931
da02,1702060278117591,6.1429763,0.83462441,0.63298732,33,936
85ab,1702060278616994,0.97139156,6.2220521,0.37499785,13,941
da02,1702060279117494,6.1373358,0.83742976,0.64491606,35,946
85ab,1702060279617132,0.96939713,6.2281027,0.37056765,13,951
da02,1702060280116962,6.143549,0.84644943,0.63476592,31,956
85ab,1702060280617003,0.9573912,6.2154989,0.36754459,13,961
da02,1702060281117144,6.1390104,0.83690894,0.62631524,33,966
85ab,1702060281616991,0.94914454,6.2096438,0.361574,13,971
da02,1702060282117070,6.1331625,0.82256204,0.62890863,35,976
85ab,1702060282616201,0.95375168,6.2055535,0.36976513,14,981
da02,1702060283116230,6.1372743,0.82420331,0.59684551,29,986
85ab,1702060283617090,0.94411927,6.2227268,0.36713243,12,991
da02,1702060284117790,6.1457725,0.82521152,0.6210857,34,996
85ab,1702060284617044,0.95285618,6.2314062,0.37083304,13,1001
da02,1702060285117060,6.1591687,0.82456464,0.6133014,30,1006
85ab,1702060285617018,0.95001972,6.2386193,0.36789024,12,1011
da02,1702060286117103,6.1562405,0.82318217,0.61309922,32,1016
85ab,1702060286617106,0.95586723,6.2447333,0.36759683,13,1021
da02,1702060287117024,6.14313,0.83213216,0.59111524,30,1026
85ab,1702060287617125,0.96857119,6.2306123,0.37514669,15,1031
da02,1702060288116284,6.1295371,0.83977681,0.57496446,30,1036
85ab,1702060288616204,0.98380214,6.2153192,0.38808107,16,1041
da02,1702060289117607,6.1175418,0.85656714,0.577465,32,1046
85ab,1702060289617589,0.97502887,6.2157893,0.38670954,13,1051
da02,1702060290117009,6.1192746,0.85567534,0.55312335,28,1056
85ab,1702060290617110,0.96953529,6.2295709,0.38149014,13,1061
da02,1702060291117098,6.1299319,0.8246488,0.58676034,36,1066
85ab,1702060291617052,0.9669193,6.2148051,0.38183492,14,1071
da02,1702060292117123,6.1273241,0.82347018,0.60262376,34,1076
85ab,1702060292617121,0.96633351,6.2202845,0.38338363,13,1081
da02,1702060293118657,6.1232586,0.82616448,0.62128335,35,1086
85ab,1702060293616315,0.9673956,6.2361875,0.37583572,12,1091
da02,1702060294116260,6.1190829,0.82802856,0.60044849,31,1096
85ab,1702060294617536,0.96993911,6.2554317,0.37395671,12,1101
da02,1702060295117105,6.1325135,0.81205779,0.6264044,36,1106
85ab,1702060295617108,0.96680355,6.2830744,0.36502615,11,1111
da02,1702060296117056,6.1279473,0.80214387,0.63510597,36,1116
85ab,1702060296617132,0.95503104,6.3045292,0.35282871,10,1121
da02,1702060297117118,6.1349525,0.80502325,0.62386519,32,1126
85ab,1702060297617075,0.96179062,6.2975383,0.35614234,13,1131
da02,1702060298117128,6.1442409,0.791934,0.67620927,40,1136
85ab,1702060298617178,0.96804732,6.271862,0.35820976,14,1141
da02,1702060299116280,6.1346736,0.8025555,0.64507061,31,1146
85ab,1702060299616262,0.97414404,6.2467885,0.3653073,15,1151
da02,1702060300118225,6.1251378,0.82105047,0.62663984,32,1156
85ab,1702060300617088,0.98330456,6.2456737,0.37307343,14,1161
da02,1702060301117077,6.1171832,0.8348614,0.62974185,34,1166
85ab,1702060301617162,0.98722988,6.2502794,0.38241339,14,1171
da02,1702060302117076,6.118865,0.824938,0.58985752,29,1176
85ab,1702060302617094,0.97939736,6.2480083,0.38246229,13,1181
da02,1702060303117131,6.1247597,0.80844861,0.62971729,38,1186
85ab,1702060303617081,0.97898334,6.2450514,0.38132775,13,1191
da02,1702060304117106,6.124918,0.80840832,0.62252873,33,1196
85ab,1702060304616486,0.97942638,6.2352986,0.38081273,14,1201
da02,1702060305116248,6.1200552,0.82170635,0.59972566,30,1206
85ab,1702060305617104,0.9793815,6.2272911,0.38186711,14,1211
da02,1702060306117166,6.1270061,0.81567085,0.64173365,38,1216
85ab,1702060306617058,0.98626393,6.2318878,0.3766163,14,1221
da02,1702060307117056,6.1274738,0.818527,0.64420611,34,1226
85ab,1702060307617154,0.97222453,6.2542224,0.36082923,11,1231
da02,1702060308117084,6.12173,0.81775928,0.64856762,35,1236
85ab,1702060308617215,0.96374047,6.2568097,0.37037989,13,1241
da02,1702060309117095,6.1353669,0.81875664,0.62739819,30,1246
85ab,1702060309617262,0.95634514,6.2742944,0.3640821,11,1251
da02,1702060310116917,6.1478577,0.81381005,0.64427978,35,1256
85ab,1702060310616308,0.95196587,6.2691064,0.35776702,12,1261
da02,1702060311117698,6.1364107,0.79322541,0.63091642,34,1266
85ab,1702060311617236,0.97216505,6.266191,0.36235377,14,1271
da02,1702060312117108,6.1337256,0.79474455,0.63056207,34,1276
85ab,1702060312617242,0.96406591,6.2542067,0.37443444,14,1281
da02,1702060313117192,6.1425261,0.78476441,0.64073884,35,1286
85ab,1702060313617156,0.96381992,6.2682323,0.37285578,12,1291
da02,1702060314117185,6.1450033,0.78728652,0.61574596,30,1296
85ab,1702060314617258,0.9705444,6.2579842,0.37638813,14,1301
da02,1702060315116351,6.1568532,0.7780444,0.62414879,34,1306
85ab,1702060315617137,0.96328586,6.258553,0.37205657,12,1311
da02,1702060316117686,6.1327429,0.79967821,0.60438687,32,1316
85ab,1702060316617203,0.96544117,6.2466831,0.37646949,14,1321
da02,1702060317117203,6.1315465,0.78196388,0.60161078,33,1326
85ab,1702060317617244,0.97256869,6.2475538,0.37070519,13,1331
da02,1702060318117227,6.1444483,0.79037172,0.658993,39,1336
85ab,1702060318617264,0.98540449,6.2675271,0.36760044,13,1341
da02,1702060319117080,6.1434765,0.79058778,0.65080965,33,1346
85ab,1702060319617142,0.97004062,6.268084,0.3667995,12,1351
da02,1702060320117512,6.1328769,0.80197495,0.6416828,33,1356
85ab,1702060320616408,0.98630005,6.25871,0.37950233,15,1361
da02,1702060321116388,6.1368256,0.80277449,0.66215,36,1366
85ab,1702060321617793,0.98524243,6.2620487,0.37652147,13,1371
da02,1702060322117782,6.1293116,0.8041507,0.65909719,35,1376
85ab,1702060322617255,0.98412067,6.2558603,0.37441346,13,1381
da02,1702060323117245,6.1417465,0.82235354,0.66342252,33,1386
85ab,1702060323617251,0.9738065,6.2510762,0.37542832,13,1391
da02,1702060324117297,6.15414,0.82465971,0.63967824,30,1396
85ab,1702060324617268,0.97375524,6.27756,0.361926,11,1401
da02,1702060325117266,6.1450796,0.82280576,0.64073324,34,1406
85ab,1702060325617318,0.97079271,6.2667961,0.36296189,13,1411
da02,1702060326116434,6.1434164,0.80323786,0.6426264,35,1416
85ab,1702060326617278,0.9856562,6.26094,0.35992658,14,1421
da02,1702060327117739,6.1584077,0.80810052,0.63661957,31,1426
85ab,1702060327617262,0.97244215,6.2351675,0.36808559,14,1431
da02,1702060328117269,6.1617661,0.80163538,0.62648714,32,1436
85ab,1702060328617320,0.9784196,6.242981,0.37275389,13,1
da02,1702060329117275,6.1474066,0.81047362,0.62610257,34,6
85ab,1702060329617276,0.98013914,6.2380581,0.36928019,14,11
da02,1702060330117300,6.1448936,0.81998575,0.62970108,33,16
85ab,1702060330617276,0.98162013,6.273839,0.36890686,12,21
da02,1702060331117312,6.1314144,0.83337229,0.60298049,30,26
85ab,1702060331616462,0.9788605,6.2707286,0.36684358,13,31
da02,1702060332116420,6.1282024,0.814482,0.60372669,34,36
85ab,1702060332617822,0.9688524,6.2641892,0.36060035,12,41
da02,1702060333117858,6.1053615,0.83655596,0.554534,27,46
85ab,1702060333617331,0.97460657,6.2829289,0.364811,12,51
da02,1702060334117314,6.0938621,0.82820326,0.55252469,33,56
85ab,1702060334617328,0.96775794,6.2702603,0.36909404,13,61
da02,1702060335117345,6.11555,0.81555414,0.59015036,35,66
85ab,1702060335617343,0.96884096,6.2687478,0.36557278,13,71
da02,1702060336117330,6.1214986,0.80443466,0.62028337,37,76
85ab,1702060336617372,0.97544152,6.2470922,0.37151307,15,81
da02,1702060337116430,6.1392107,0.80778134,0.64275229,35,86
85ab,1702060337616484,0.97314239,6.2316918,0.37508583,14,91
da02,1702060338117799,6.1387973,0.79442585,0.64043033,34,96
85ab,1702060338617355,0.9641459,6.2265372,0.37491634,13,101
da02,1702060339117335,6.1440692,0.79023832,0.62340587,31,106
85ab,1702060339617349,0.96716905,6.23609,0.37438536,13,111
da02,1702060340117345,6.1614532,0.78320026,0.62821585,33,116
85ab,1702060340617348,0.95306581,6.2323313,0.3787348,13,121
da02,1702060341117346,6.1277585,0.80278575,0.57873756,29,126
85ab,1702060341617359,0.94762433,6.2431016,0.37279573,12,131
da02,1702060342117365,6.1220589,0.8077628,0.58534318,33,136
85ab,1702060342616521,0.94786114,6.2456946,0.37606508,13,141
da02,1702060343116516,6.1450477,0.8041963,0.62389964,35,146
85ab,1702060343617859,0.96594024,6.2274671,0.3852495,15,151
da02,1702060344118272,6.1314511,0.81735551,0.61947572,33,156
85ab,1702060344617336,0.97034895,6.2169728,0.38734338,14,161
da02,1702060345117830,6.1361456,0.80491781,0.64276904,36,166
85ab,1702060345617374,0.97073847,6.2300406,0.38284361,13,171
da02,1702060346117368,6.1515627,0.79092115,0.65278292,35,176
85ab,1702060346617401,0.97178274,6.2255745,0.38208812,14,181
da02,1702060347117376,6.1287932,0.8038404,0.63495123,33,186
85ab,1702060347617401,0.96560776,6.2251449,0.38683107,13,191
da02,1702060348116541,6.1551242,0.79344708,0.67962939,38,196
85ab,1702060348616530,0.97188532,6.2212086,0.38848394,14,201
da02,1702060349117874,6.1506815,0.8080554,0.63177937,28,206
85ab,1702060349617396,0.96684194,6.2440753,0.37664345,12,211
da02,1702060350117387,6.1498103,0.82865107,0.62675762,31,216
85ab,1702060350617398,0.97604865,6.2623572,0.37318796,13,221
da02,1702060351117394,6.1438956,0.82029754,0.65166152,37,226
85ab,1702060351617397,0.96812677,6.2566495,0.37308347,13,231
da02,1702060352117382,6.1377282,0.8202095,0.64316869,33,236
85ab,1702060352617414,0.97194308,6.2412257,0.38139585,14,241
da02,1702060353117414,6.13861,0.82505739,0.64067042,33,246
85ab,1702060353616558,0.96589112,6.2329693,0.3716327,13,251
da02,1702060354116530,6.1374364,0.81366605,0.60397464,29,256
85ab,1702060354617894,0.96017164,6.2293053,0.37096059,13,261
da02,1702060355117912,6.1332874,0.81702548,0.6094498,33,266
85ab,1702060355617430,0.96851242,6.2381663,0.3733781,13,271
da02,1702060356117406,6.1511707,0.80923784,0.63334703,35,276
85ab,1702060356617416,0.96427363,6.2467704,0.37252688,13,281
da02,1702060357117437,6.1345949,0.82036489,0.60651141,31,286
85ab,1702060357617412,0.96764058,6.2407718,0.37506631,14,291
da02,1702060358117421,6.1411457,0.82070416,0.60707641,32,296
85ab,1702060358617453,0.96043742,6.2518392,0.36340907,12,301
da02,1702060359116594,6.1397524,0.8380037,0.59137529,30,306
85ab,1702060359616569,0.96184641,6.2420654,0.37053153,14,311
da02,1702060360117910,6.1534662,0.831238,0.62639159,35,316
85ab,1702060360617433,0.9552989,6.2515268,0.36673626,12,321
da02,1702060361117422,6.1500115,0.83154309,0.62602603,33,326
85ab,1702060361617458,0.97309721,6.2586226,0.37413707,14,331
da02,1702060362117426,6.1677537,0.813359,0.65245283,36,336
85ab,1702060362617456,0.97712666,6.2635269,0.37413687,13,341
da02,1702060363117435,6.1637607,0.80932903,0.67197883,37,346
85ab,1702060363617458,0.96998787,6.2531943,0.37983188,13,351
da02,1702060364117468,6.1426463,0.83763295,0.64264846,31,356
85ab,1702060364617707,0.96796721,6.2642536,0.37112889,12,361
da02,1702060365116590,6.152339,0.83910269,0.6615358,35,366
85ab,1702060365617970,0.96106094,6.2611542,0.36202124,12,371
da02,1702060366117986,6.1452703,0.84301913,0.65823984,34,376
85ab,1702060366617487,0.94960123,6.2476597,0.36716717,13,381
da02,1702060367117460,6.139081,0.85566419,0.63007182,30,386
85ab,1702060367617438,0.94032037,6.2380948,0.36517298,13,391
da02,1702060368117459,6.1205416,0.85761321,0.61263144,32,396
85ab,1702060368617462,0.94275606,6.2348194,0.3716723,13,401
da02,1702060369117462,6.1259861,0.85512644,0.63160074,35,406
85ab,1702060369617500,0.93156224,6.2154231,0.3692334,13,411
da02,1702060370119314,6.1255774,0.83859944,0.65670389,37,416
85ab,1702060370616628,0.938358,6.2222824,0.37409249,13,421
da02,1702060371117982,6.1345797,0.81106913,0.68894756,39,426
85ab,1702060371617479,0.93045396,6.2038126,0.37280959,14,431
da02,1702060372117469,6.1366735,0.80588841,0.70730227,38,436
85ab,1702060372617478,0.94010949,6.2197514,0.370427,13,441
da02,1702060373117468,6.1396694,0.78558218,0.71121681,37,446
85ab,1702060373617480,0.9491418,6.2265153,0.37255377,13,451
da02,1702060374117475,6.1415305,0.80209404,0.72671837,37,456
85ab,1702060374617482,0.96174705,6.2501931,0.36532405,12,461
da02,1702060375116638,6.1357117,0.82100809,0.65938956,27,466
85ab,1702060375617481,0.97685903,6.2452917,0.37684429,15,471
da02,1702060376117484,6.1471381,0.81326222,0.66816765,35,476
85ab,1702060376617955,0.99238151,6.2385473,0.38117775,15,481
da02,1702060377118019,6.1398277,0.81201655,0.66114563,34,486
85ab,1702060377617990,0.99440974,6.2344594,0.3910203,14,491
da02,1702060378117478,6.1413326,0.81645769,0.64884865,32,496
85ab,1702060378617451,0.9834497,6.2541733,0.37174428,11,501
da02,1702060379117455,6.1464753,0.8042444,0.66219461,36,506
85ab,1702060379617432,0.98348105,6.2649879,0.36745834,13,511
da02,1702060380117483,6.1409445,0.80155736,0.6801368,37,516
85ab,1702060380616625,0.9798798,6.2544351,0.37029281,14,521
da02,1702060381117450,6.1459894,0.7943722,0.68145961,35,526
85ab,1702060381617438,0.98366922,6.2454047,0.37576514,14,531
da02,1702060382117918,6.1463561,0.79717487,0.66281,32,536
85ab,1702060382617466,0.97501504,6.2313838,0.37196517,14,541
da02,1702060383117447,6.148355,0.81958824,0.65135628,32,546
85ab,1702060383617461,0.97098547,6.2555237,0.36518416,12,551
da02,1702060384117449,6.153676,0.80195445,0.64432514,33,556
85ab,1702060384617470,0.97342795,6.2633238,0.36174688,13,561
da02,1702060385117474,6.1590915,0.80938047,0.62066853,30,566
85ab,1702060385617474,0.97850394,6.2680469,0.36099559,13,571
da02,1702060386116638,6.1534247,0.8115716,0.61764812,33,576
85ab,1702060386616636,0.96929628,6.249208,0.36247677,13,581
da02,1702060387117480,6.1409564,0.81724179,0.62594318,35,586
85ab,1702060387617924,0.96486157,6.2460871,0.36742464,13,591
da02,1702060388117995,6.1231809,0.8317824,0.60323673,31,596
85ab,1702060388617457,0.97493982,6.2623148,0.36559129,13,601
da02,1702060389117474,6.1312222,0.82232672,0.65915251,40,606
85ab,1702060389617504,0.97309816,6.2730622,0.36311194,12,611
da02,1702060390117492,6.1261835,0.8300035,0.67757034,37,616
85ab,1702060390617492,0.97355253,6.282546,0.35894743,12,621
da02,1702060391117517,6.1229563,0.8322978,0.63702649,30,626
85ab,1702060391616682,0.9720183,6.2815957,0.36427975,13,631
da02,1702060392116643,6.1222529,0.83888882,0.62151396,31,636
85ab,1702060392617980,0.97128278,6.2747211,0.36516923,13,641
da02,1702060393117486,6.1216578,0.81623918,0.63760585,37,646
85ab,1702060393617484,0.97689503,6.2620115,0.3685562,14,651
da02,1702060394117512,6.1270347,0.8093763,0.64863849,35,656
85ab,1702060394617521,0.97997504,6.2526212,0.37459788,14,661
da02,1702060395117491,6.1305008,0.79945135,0.67362297,38,666
85ab,1702060395617518,0.97550547,6.2603045,0.36435494,12,671
da02,1702060396117508,6.1425762,0.81439388,0.65607619,31,676
85ab,1702060396617722,0.97535795,6.2471585,0.36862725,14,681
da02,1702060397116646,6.1332583,0.81533164,0.65098041,34,686
85ab,1702060397616596,0.97416389,6.2585983,0.36403835,12,691
da02,1702060398117991,6.1247773,0.83758587,0.62869489,31,696
85ab,1702060398617522,0.96793735,6.2556424,0.3540774,12,701
da02,1702060399117906,6.124197,0.82328641,0.62440753,34,706
85ab,1702060399617445,0.97135651,6.2545166,0.37134242,14,711
da02,1702060400117540,6.1416216,0.74391341,0.61982429,64,716
85ab,1702060400617503,0.96719885,6.265955,0.36242706,12,721
da02,1702060401117540,6.1435761,0.7600978,0.64264506,36,726
85ab,1702060401617575,0.98024791,6.2712784,0.36810139,13,731
da02,1702060402117443,6.1469464,0.78220421,0.64602381,33,736
85ab,1702060402616672,0.97198892,6.2885489,0.36273691,11,741
da02,1702060403116715,6.1510744,0.78596294,0.66452992,36,746
85ab,1702060403617951,0.98172861,6.2758756,0.36708149,14,751
da02,1702060404117906,6.1506658,0.7826764,0.672338,36,756
85ab,1702060404617443,0.9832716,6.2510614,0.37505558,15,761
da02,1702060405117380,6.1663375,0.77546823,0.68020481,35,766
85ab,1702060405617382,0.97496945,6.2692671,0.37083822,12,771
da02,1702060406117478,6.161325,0.808799,0.64130479,28,776
85ab,1702060406617439,0.98074,6.2894959,0.3630234,12,781
da02,1702060407117389,6.1452932,0.82456052,0.639369,34,786
85ab,1702060407617504,0.98036677,6.3028116,0.35693902,12,791
da02,1702060408116723,6.1381264,0.83080804,0.63117027,33,796
85ab,1702060408616716,0.99846077,6.2837753,0.35996965,15,801
da02,1702060409117996,6.1358948,0.81312215,0.64558989,36,806
85ab,1702060409617575,0.99441224,6.2683811,0.3621515,14,811
da02,1702060410118004,6.1401639,0.80854368,0.63524103,32,816
85ab,1702060410617605,0.98841095,6.2533588,0.37048241,14,821
da02,1702060411117562,6.1428328,0.81363827,0.64128989,34,826
85ab,1702060411617543,0.98495418,6.2411175,0.38164088,14,831
da02,1702060412117574,6.1373672,0.82351524,0.62091804,31,836
85ab,1702060412617587,0.98560357,6.2622242,0.38114506,12,841
da02,1702060413117624,6.1334004,0.81746078,0.6158399,33,846
85ab,1702060413616775,0.98213947,6.2776389,0.37778714,12,851
da02,1702060414116754,6.1234365,0.82009238,0.62780672,35,856
85ab,1702060414618091,0.98565036,6.2660084,0.3871637,14,861
da02,1702060415117515,6.1137943,0.8262614,0.60141534,31,866
85ab,1702060415617493,0.99015504,6.2596703,0.38742414,14,871
da02,1702060416117483,6.1216354,0.840716,0.6135298,33,876
85ab,1702060416617618,0.97728103,6.2560358,0.37998015,13,881
da02,1702060417117649,6.11884,0.85569829,0.60107636,31,886
85ab,1702060417617503,0.96544659,6.2321754,0.38119534,14,891
da02,1702060418117507,6.1238503,0.86555213,0.58999413,30,896
85ab,1702060418617525,0.96197432,6.2445259,0.37764454,12,901
da02,1702060419116781,6.1376328,0.83510792,0.62165904,36,906
85ab,1702060419616728,0.9619149,6.256752,0.37379372,12,911
da02,1702060420117498,6.1365891,0.83846146,0.62721848,33,916
85ab,1702060420617512,0.96516508,6.266922,0.36803064,12,921
da02,1702060421118036,6.1446733,0.82317281,0.64052862,35,926
85ab,1702060421617535,0.96976757,6.2532358,0.37195614,14,931
da02,1702060422117663,6.1481786,0.83324462,0.60096639,27,936
85ab,1702060422617568,0.9550392,6.2495241,0.37136993,12,941
da02,1702060423117545,6.1392355,0.85193151,0.62163919,34,946
85ab,1702060423617524,0.95671356,6.2436733,0.37481102,13,951
da02,1702060424117587,6.1392136,0.83834875,0.63027948,34,956
85ab,1702060424616893,0.94015187,6.2610464,0.36394396,11,961
da02,1702060425116724,6.1356297,0.85096896,0.61575121,31,966
85ab,1702060425617530,0.94233131,6.2432671,0.36707547,14,971
da02,1702060426117514,6.1562557,0.8309083,0.635245,34,976
85ab,1702060426617563,0.9544785,6.2368836,0.36886027,14,981
da02,1702060427117561,6.1584253,0.82771391,0.66844833,37,986
85ab,1702060427617533,0.95337462,6.2451015,0.37055048,13,991
da02,1702060428117527,6.1539922,0.84399951,0.63026029,29,996
85ab,1702060428617532,0.9651975,6.24259,0.37782595,14,1001
da02,1702060429117536,6.1411591,0.84364921,0.60894012,31,1006
85ab,1702060429617678,0.96036339,6.2402883,0.37592024,13,1011
da02,1702060430118333,6.1398993,0.83752692,0.62868124,35,1016
85ab,1702060430616848,0.95677936,6.2295008,0.37373093,13,1021
da02,1702060431117694,6.1354675,0.82690215,0.64565945,36,1026
85ab,1702060431617714,0.95513678,6.2383132,0.37062493,13,1031
da02,1702060432118222,6.1359396,0.81212205,0.635901,33,1036
85ab,1702060432617713,0.95866877,6.2545118,0.3619135,12,1041
da02,1702060433117719,6.1370325,0.81346756,0.60893136,30,1046
85ab,1702060433617714,0.95513129,6.2697654,0.35439819,12,1051
da02,1702060434117731,6.1432471,0.8053,0.62544942,35,1056
85ab,1702060434617735,0.94958776,6.2616482,0.35260561,13,1061
da02,1702060435116876,6.1443491,0.80201751,0.62746292,34,1066
85ab,1702060435618226,0.97176957,6.2618675,0.35962471,14,1071
da02,1702060436117756,6.1581235,0.79497039,0.63702691,34,1076
85ab,1702060436617764,0.95888412,6.2610397,0.34541982,12,1081
da02,1702060437117746,6.1623511,0.7863903,0.62718505,32,1086
85ab,1702060437617591,0.96435195,6.2607088,0.34916019,13,1091
da02,1702060438117559,6.1583405,0.79059315,0.64496148,36,1096
85ab,1702060438617555,0.94556606,6.2683411,0.33972213,11,1101
da02,1702060439117557,6.1555905,0.78848809,0.6063115,29,1106
85ab,1702060439617558,0.95718324,6.2455587,0.35906115,15,1111
da02,1702060440117579,6.1478763,0.792537,0.60798848,33,1116
85ab,1702060440616784,0.95506465,6.2575264,0.358436,12,1121
da02,1702060441116828,6.1443825,0.80102587,0.63928747,37,1126
85ab,1702060441617564,0.95025063,6.2686324,0.35192469,12,1131
da02,1702060442117562,6.1424789,0.78886533,0.66074729,37,1136
85ab,1702060442617566,0.95820534,6.281908,0.35185233,12,1141
da02,1702060443118089,6.1392503,0.80154926,0.65639937,34,1146
85ab,1702060443617568,0.96125579,6.3029318,0.34986717,11,1151
da02,1702060444117574,6.134954,0.80141151,0.687287,39,1156
85ab,1702060444617588,0.96100175,6.2953444,0.35584629,13,1161
da02,1702060445117576,6.15437,0.76426351,0.73252785,42,1166
85ab,1702060445617606,0.96979707,6.2938604,0.36568177,13,1171
da02,1702060446116835,6.1580091,0.78093392,0.72531444,35,1176
85ab,1702060446616807,0.97315586,6.3142858,0.36496019,12,1181
da02,1702060447119132,6.1680131,0.76199764,0.75295329,40,1186
85ab,1702060447617590,0.98142815,6.2749081,0.37869674,15,1191
da02,1702060448117595,6.1793871,0.76770842,0.73575789,34,1196
85ab,1702060448617600,0.97399908,6.2574177,0.37841541,14,1201
da02,1702060449117602,6.1755409,0.77359033,0.70338959,32,1206
85ab,1702060449617594,0.96231323,6.2853184,0.35708708,11,1211
da02,1702060450117612,6.1668816,0.77813244,0.70872414,37,1216
85ab,1702060450617607,0.95928717,6.2925763,0.35413161,12,1221
da02,1702060451117663,6.1592674,0.78252274,0.68136257,33,1226
85ab,1702060451616848,0.96817911,6.2965932,0.359994,13,1231
da02,1702060452116835,6.1614642,0.786971,0.67073,33,1236
85ab,1702060452617628,0.97812939,6.2882137,0.36561054,14,1241
da02,1702060453117619,6.1547737,0.788853,0.68761432,37,1246
85ab,1702060453617662,0.98640335,6.2753386,0.36569929,14,1251
da02,1702060454118155,6.1467891,0.80054295,0.711109,38,1256
85ab,1702060454617651,0.99502695,6.262198,0.37494341,14,1261
da02,1702060455117633,6.1412754,0.81165296,0.690896,33,1266
85ab,1702060455617639,1.0036684,6.2416415,0.38351628,15,1271
da02,1702060456117762,6.135427,0.80498064,0.65638143,32,1276
85ab,1702060456617696,1.0023198,6.249393,0.37459219,13,1281
da02,1702060457116898,6.1492047,0.79540479,0.67947459,37,1286
85ab,1702060457616890,0.99698144,6.2608471,0.36413348,12,1291
da02,1702060458117659,6.14218,0.82859623,0.63525569,28,1296
85ab,1702060458617676,0.99471122,6.254261,0.36752632,14,1301
da02,1702060459117684,6.1289659,0.82806736,0.61222827,31,1306
85ab,1702060459617630,0.99802846,6.25422,0.372028,14,1311
da02,1702060460117706,6.1342149,0.83851439,0.62388963,33,1316
85ab,1702060460617662,0.9889555,6.2798867,0.36470944,11,1321
da02,1702060461117745,6.1305904,0.84390837,0.64322329,35,1326
85ab,1702060461617706,0.97604585,6.2603121,0.3639771,13,1331
da02,1702060462117688,6.1121526,0.86194193,0.59265512,28,1336
85ab,1702060462616890,0.97538686,6.2576375,0.36580944,13,1341
da02,1702060463116891,6.1365767,0.83265,0.63330853,37,1346
85ab,1702060463617714,0.96984452,6.2630758,0.36112478,12,1351
da02,1702060464117964,6.1403556,0.82816041,0.64302176,34,1356
85ab,1702060464617672,0.95731175,6.2434082,0.36504346,13,1361
da02,1702060465118202,6.1314659,0.83654594,0.59608078,28,1366
85ab,1702060465617781,0.95992219,6.2497325,0.36168081,13,1371
da02,1702060466117711,6.1242638,0.84253824,0.58521152,31,1376
85ab,1702060466617667,0.94768536,6.2456455,0.36010927,12,1381
da02,1702060467117818,6.1330752,0.81897241,0.62288511,37,1386
85ab,1702060467617720,0.94944549,6.2491632,0.35730872,13,1391
da02,1702060468116938,6.1420283,0.809621,0.62960368,34,1396
85ab,1702060468616904,0.95114338,6.2413058,0.35766912,13,1401
da02,1702060469117699,6.1589065,0.79131609,0.66844952,38,1406
85ab,1702060469617724,0.95849919,6.2438016,0.36308554,13,1411
da02,1702060470117695,6.1584444,0.8078419,0.66637987,33,1416
85ab,1702060470617720,0.95132512,6.2308965,0.369559,13,1421
da02,1702060471117704,6.1492786,0.81019241,0.65990394,34,1426
85ab,1702060471617862,0.96220762,6.2525949,0.37084997,13,1431
da02,1702060472117718,6.1448517,0.81689137,0.64525104,32,1436
85ab,1702060472617770,0.9678787,6.2455587,0.37582394,14,1
da02,1702060473117874,6.1502552,0.80757678,0.64024067,33,6
85ab,1702060473616994,0.95848209,6.2462869,0.36210576,12,11
da02,1702060474116933,6.1508746,0.81335944,0.6269657,31,16
85ab,1702060474617779,0.9629212,6.2297082,0.37240088,14,21
da02,1702060475117738,6.1438532,0.82732159,0.62107438,32,26
85ab,1702060475617726,0.96370924,6.2265816,0.37687036,14,31
da02,1702060476118283,6.1353483,0.82816809,0.62179512,34,36
85ab,1702060476617741,0.96580446,6.2326207,0.37254548,13,41
da02,1702060477117741,6.1549125,0.82508546,0.632599,33,46
85ab,1702060477617773,0.97419208,6.2223673,0.38042149,15,51
da02,1702060478117746,6.1448545,0.82961059,0.63566786,34,56
85ab,1702060478617760,0.97104162,6.2481618,0.3773239,12,61
da02,1702060479117196,6.1481385,0.83858693,0.65576524,35,66
85ab,1702060479617043,0.97779411,6.2645826,0.37063977,12,71
da02,1702060480117876,6.1453776,0.82651389,0.63773489,32,76
85ab,1702060480617911,0.97495532,6.2602792,0.36485142,13,81
da02,1702060481117768,6.12844,0.82333064,0.61853486,32,86
85ab,1702060481617940,0.96509838,6.2641869,0.3667917,12,91
da02,1702060482117918,6.135725,0.81821966,0.61159259,32,96
85ab,1702060482617932,0.95853078,6.2559247,0.36172178,13,101
da02,1702060483118403,6.1414552,0.8175441,0.6204077,33,106
85ab,1702060483617935,0.9917056,6.2265062,0.36995167,17,111
da02,1702060484117948,6.1526237,0.81488568,0.63645458,34,116
85ab,1702060484617245,0.98892087,6.2598228,0.36368883,12,121
da02,1702060485117075,6.1578684,0.81090683,0.65363991,35,126
85ab,1702060485617952,0.98537529,6.2614722,0.36700019,13,131
da02,1702060486117958,6.1614208,0.80914563,0.62232488,29,136
85ab,1702060486617932,0.974117,6.2312589,0.36910808,14,141
da02,1702060487118450,6.1567011,0.78913069,0.67618579,41,146
85ab,1702060487617793,0.96120209,6.2368131,0.37048447,12,151
da02,1702060488117754,6.14151,0.786717,0.66247529,34,156
85ab,1702060488617784,0.95665485,6.2671337,0.35881156,11,161
da02,1702060489117760,6.1350369,0.78153628,0.65466475,35,166
85ab,1702060489617765,0.96878481,6.279232,0.35877663,13,171
da02,1702060490117147,6.1293969,0.78891295,0.66242772,36,176
85ab,1702060490616996,0.97343457,6.2519312,0.37081197,15,181
da02,1702060491117789,6.1510897,0.780542,0.68371642,36,186
85ab,1702060491617809,0.9784596,6.2562594,0.37288719,13,191
da02,1702060492117786,6.1271539,0.811719,0.64645958,31,196
85ab,1702060492617803,0.98467338,6.2470441,0.38675678,15,201
da02,1702060493117802,6.1241,0.81064165,0.6503616,35,206
85ab,1702060493617826,0.98909724,6.2446074,0.38455105,14,211
da02,1702060494117797,6.1308241,0.80531,0.67305362,37,216
85ab,1702060494617818,0.97607768,6.259903,0.37797,12,221
da02,1702060495117014,6.1279988,0.80137718,0.67564261,36,226
85ab,1702060495617802,0.97458982,6.2461562,0.39078343,14,231
da02,1702060496117800,6.1229048,0.8147788,0.64809257,31,236
85ab,1702060496617789,0.95974785,6.2442141,0.38594785,13,241
da02,1702060497117810,6.14106,0.8090238,0.65520304,34,246
85ab,1702060497617845,0.9566955,6.255549,0.37213314,12,251
da02,1702060498118310,6.1534691,0.80504268,0.67316091,36,256
85ab,1702060498617829,0.95616025,6.2556047,0.37065923,13,261
da02,1702060499117826,6.1522589,0.81060135,0.67992187,35,266
85ab,1702060499617809,0.96326452,6.2525449,0.3820948,14,271
da02,1702060500117966,6.1610808,0.82252789,0.66371405,31,276
85ab,1702060500617113,0.95418346,6.2638941,0.37302873,12,281
da02,1702060501117975,6.14439,0.83015817,0.65967184,34,286
85ab,1702060501617936,0.96698618,6.265379,0.36911741,13,291
da02,1702060502117965,6.140512,0.82827461,0.65717423,34,296
85ab,1702060502617932,0.96788508,6.2688818,0.36550453,13,301
da02,1702060503117940,6.1491427,0.83043885,0.65016145,32,306
85ab,1702060503617967,0.97105545,6.2689724,0.36743453,13,311
da02,1702060504117950,6.13252,0.83915985,0.622445,31,316
85ab,1702060504617894,0.96980995,6.2807345,0.36482045,12,321
da02,1702060505117946,6.1351814,0.81757045,0.63357079,35,326
85ab,1702060505617958,0.96202224,6.275197,0.36188096,12,331
da02,1702060506117160,6.1246843,0.84871423,0.61151284,30,336
85ab,1702060506618005,0.96133369,6.2655764,0.35707361,13,341
da02,1702060507118041,6.20083,0.7617023,0.9075681,64,346
85ab,1702060507617839,0.94439936,6.27425,0.34538355,11,351
da02,1702060508117954,6.1792121,0.7852869,0.815878,30,356
85ab,1702060508617954,0.94708371,6.2513227,0.34506702,14,361
da02,1702060509118493,6.17781,0.78535181,0.7867685,35,366
85ab,1702060509618460,0.96333647,6.2521491,0.35969067,14,371
da02,1702060510117946,6.1482859,0.79946774,0.71276927,30,376
85ab,1702060510617848,0.96331155,6.2541766,0.36189958,13,381
da02,1702060511117972,6.1324325,0.79627532,0.67053968,32,386
85ab,1702060511617187,0.95894891,6.2523341,0.36280683,13,391
da02,1702060512117149,6.1407619,0.80370772,0.69228214,37,396
85ab,1702060512617946,0.954965,6.27536,0.35404932,11,401
da02,1702060513117960,6.1442566,0.81780338,0.68670857,34,406
85ab,1702060513617983,0.96307659,6.2756157,0.36845809,13,411
da02,1702060514117938,6.1333046,0.82036155,0.67115635,34,416
85ab,1702060514618449,0.96744913,6.2695341,0.37117726,13,421
da02,1702060515117973,6.1507978,0.79756588,0.67256469,35,426
85ab,1702060515617954,0.97898483,6.2800245,0.37337357,13,431
da02,1702060516117937,6.165906,0.78488445,0.66566581,33,436
85ab,1702060516618008,0.98324782,6.2701559,0.38707396,14,441
da02,1702060517117116,6.1603174,0.79677796,0.65464187,33,446
85ab,1702060517617133,0.98370677,6.2530136,0.38602141,14,451
da02,1702060518117968,6.1535244,0.78991818,0.67153394,37,456
85ab,1702060518617955,0.98719877,6.270731,0.38437706,13,461
da02,1702060519117951,6.1484709,0.80104363,0.63584954,30,466
85ab,1702060519618490,0.98337585,6.2726083,0.37987038,13,471
da02,1702060520118574,6.1457915,0.798134,0.61936289,32,476
85ab,1702060520618030,0.9736616,6.2430806,0.38192788,14,481
da02,1702060521118057,6.1392,0.81222588,0.59209484,29,486
85ab,1702060521618078,0.98401916,6.2541227,0.38222173,13,491
da02,1702060522118087,6.1262989,0.80964911,0.587431,33,496
85ab,1702060522617252,0.97995275,6.2566442,0.37493971,13,501
da02,1702060523117224,6.1408429,0.82048,0.59924644,32,506
85ab,1702060523618078,0.978317,6.2740507,0.36780372,12,511
da02,1702060524119838,6.1468654,0.79975003,0.63274193,37,516
85ab,1702060524618047,0.97241926,6.2817359,0.35941708,12,521
da02,1702060525118563,6.1358185,0.82043046,0.60377377,30,526
85ab,1702060525618108,0.95970285,6.2971587,0.34145758,10,531
da02,1702060526118085,6.1395736,0.81023109,0.61247605,34,536
85ab,1702060526618101,0.96891296,6.2826138,0.35111359,14,541
da02,1702060527118174,6.155674,0.80663633,0.64014167,35,546
85ab,1702060527618243,0.96319151,6.2724037,0.35115018,13,551
da02,1702060528117294,6.1464787,0.80773693,0.62555057,32,556
85ab,1702060528617251,0.98462063,6.2334414,0.37336221,17,561
da02,1702060529118100,6.1464124,0.80207479,0.63362616,34,566
85ab,1702060529618110,0.97752476,6.2553878,0.36115041,12,571
da02,1702060530118620,6.1417446,0.8128649,0.60809606,30,576
85ab,1702060530618109,0.97069579,6.266737,0.35824525,12,581
da02,1702060531118658,6.1469712,0.81020623,0.62365109,34,586
85ab,1702060531618114,0.97893912,6.2872996,0.3569718,12,591
da02,1702060532118125,6.1618233,0.8180027,0.61101627,30,596
85ab,1702060532618138,0.96194804,6.297461,0.34888288,11,601
da02,1702060533118164,6.1432114,0.83642292,0.61116129,33,606
85ab,1702060533617371,0.97092408,6.2780929,0.36124137,14,611
da02,1702060534117236,6.1373773,0.8222698,0.63308245,37,616
85ab,1702060534618068,0.96859062,6.2843037,0.36471808,12,621
da02,1702060535118034,6.12299,0.84716541,0.6100083,30,626
85ab,1702060535618532,0.96328396,6.2936616,0.35765296,12,631
da02,1702060536118092,6.1375451,0.83417314,0.6482383,37,636
85ab,1702060536618135,0.97197586,6.2896733,0.35878679,13,641
da02,1702060537118096,6.1474,0.83085018,0.62374622,30,646
85ab,1702060537618004,0.97741485,6.3069291,0.35287774,12,651
da02,1702060538118145,6.15115,0.82139277,0.6182943,32,656
85ab,1702060538618174,0.9774965,6.2836604,0.36113444,14,661
da02,1702060539117326,6.1486497,0.83025068,0.596652,30,666
85ab,1702060539617298,0.99156982,6.2818866,0.36837214,14,671
da02,1702060540118193,6.1439934,0.82373357,0.62917483,37,676
85ab,1702060540618016,0.99389249,6.2891645,0.36580816,13,681
da02,1702060541117656,6.14102,0.81281364,0.65214449,37,686
85ab,1702060541617294,0.98443371,6.2770371,0.366039,13,691
da02,1702060542118658,6.1230974,0.81630421,0.62111729,31,696
85ab,1702060542618138,0.99929714,6.2541504,0.3759374,15,701
da02,1702060543118172,6.1329856,0.80942512,0.63199687,34,706
85ab,1702060543618150,0.98886359,6.2292371,0.38041461,14,711
da02,1702060544118219,6.1349645,0.80731839,0.66456848,38,716
85ab,1702060544618655,0.992892,6.2407808,0.38224068,13,721
da02,1702060545117396,6.1260142,0.80621046,0.65874058,35,726
85ab,1702060545618229,1.0002178,6.2562,0.38340455,13,731
da02,1702060546117737,6.1321778,0.80964142,0.64982909,33,736
85ab,1702060546617347,0.98449254,6.2369928,0.38005695,14,741
da02,1702060547118214,6.1228404,0.81378841,0.6461941,34,746
85ab,1702060547618211,0.97558677,6.2566261,0.36847019,12,751
da02,1702060548118208,6.1447525,0.8195917,0.64257544,31,756
85ab,1702060548618193,0.98734862,6.2431369,0.37359753,15,761
da02,1702060549118230,6.1374431,0.84946883,0.61971194,30,766
85ab,1702060549618213,0.97990215,6.2387433,0.37202653,13,771
da02,1702060550117530,6.1403942,0.84365892,0.62805772,34,776
85ab,1702060550617347,0.98542315,6.2657003,0.37264171,12,781
da02,1702060551118701,6.149085,0.82757789,0.64654297,35,786
85ab,1702060551618210,1.0430176,6.17714,0.2287551,66,791
da02,1702060552118219,6.1565795,0.82779622,0.664913,35,796
85ab,1702060552618224,1.0303191,6.1903629,0.26688087,14,801
da02,1702060553118750,6.15634,0.80228341,0.68125457,38,806
85ab,1702060553618204,1.0131735,6.1959586,0.29765135,14,811
da02,1702060554118203,6.1344252,0.8430773,0.65039468,30,816
85ab,1702060554618208,1.0211164,6.2370238,0.3209137,13,821
da02,1702060555117353,6.1484928,0.81712604,0.66393346,36,826
85ab,1702060555617350,1.0084391,6.2432508,0.33481431,13,831
da02,1702060556118204,6.1419835,0.8113187,0.65220976,34,836
85ab,1702060556618682,0.98766136,6.2540793,0.34362862,12,841
da02,1702060557118214,6.1444106,0.79869586,0.65158224,34,846
85ab,1702060557618202,0.97942752,6.248765,0.34725547,13,851
da02,1702060558118198,6.1316943,0.79592264,0.6503095,35,856
85ab,1702060558618210,0.972875,6.2307286,0.35628787,14,861
da02,1702060559118297,6.1258831,0.81160748,0.63397723,32,866
85ab,1702060559618208,0.9672085,6.2224779,0.36346006,14,871
da02,1702060560118257,6.1170549,0.83534569,0.63606089,33,876
85ab,1702060560617385,0.9651742,6.2128105,0.36705121,14,881
da02,1702060561117380,6.1282458,0.8317399,0.64191717,34,886
85ab,1702060561618714,0.97798014,6.22663,0.37552944,14,891
da02,1702060562118234,6.1355796,0.82452661,0.62912935,32,896
85ab,1702060562618238,0.98618168,6.2316747,0.38034746,14,901
da02,1702060563118268,6.1377997,0.81507987,0.62711257,33,906
85ab,1702060563618245,0.9836551,6.2400718,0.38243419,13,911
da02,1702060564118770,6.1294322,0.82947785,0.63054949,34,916
85ab,1702060564618240,0.96543032,6.2487369,0.38011521,12,921
da02,1702060565118252,6.1385226,0.82290882,0.64317989,35,926
85ab,1702060565618246,0.9638406,6.26728,0.36771798,12,931
da02,1702060566117394,6.1531377,0.81476814,0.66082537,35,936
85ab,1702060566617406,0.95527786,6.2835007,0.36912864,12,941
da02,1702060567118692,6.1421957,0.82087123,0.62527877,30,946
85ab,1702060567618236,0.9627828,6.2864275,0.36051616,12,951
da02,1702060568118251,6.1392069,0.83313119,0.62975639,33,956
85ab,1702060568618251,0.96001506,6.2593951,0.36726475,14,961
da02,1702060569118256,6.1389146,0.82781446,0.62507981,33,966
85ab,1702060569618268,0.97556,6.2633991,0.37439981,14,971
da02,1702060570118264,6.1522441,0.80412441,0.64561647,36,976
85ab,1702060570618268,0.97356337,6.2558951,0.37573823,13,981
da02,1702060571118276,6.1482892,0.80986923,0.63730907,33,986
85ab,1702060571617424,0.98717058,6.2424645,0.38658834,15,991
da02,1702060572117426,6.1528563,0.80249262,0.6587857,36,996
85ab,1702060572618836,0.9790594,6.2255831,0.38475677,14,1001
da02,1702060573118266,6.1516776,0.80416292,0.642807,32,1006
85ab,1702060573618274,0.98441815,6.2629266,0.38127014,12,1011
da02,1702060574118274,6.1451759,0.81190622,0.64330739,34,1016
85ab,1702060574618271,0.95769864,6.2729721,0.36041558,10,1021
da02,1702060575118922,6.1458311,0.81595153,0.65284771,35,1026
85ab,1702060575618279,0.95979232,6.2792144,0.36098653,12,1031
da02,1702060576118290,6.1513047,0.80750996,0.63154286,31,1036
85ab,1702060576618293,0.96719646,6.2980952,0.35433114,12,1041
da02,1702060577117414,6.123364,0.84070438,0.58856928,28,1046
85ab,1702060577617407,0.97659814,6.2824669,0.3701812,14,1051
da02,1702060578118708,6.1353369,0.82872027,0.61921978,36,1056
85ab,1702060578618155,0.970338,6.276628,0.37126455,13,1061
da02,1702060579118138,6.1546693,0.81912673,0.63946134,34,1066
85ab,1702060579618157,0.97764421,6.2776041,0.36759037,13,1071
da02,1702060580118151,6.1501679,0.822236,0.64128196,34,1076
85ab,1702060580618130,0.98140013,6.2755175,0.35960934,13,1081
da02,1702060581118135,6.1624284,0.80246395,0.66051179,36,1086
85ab,1702060581618164,0.99057519,6.2753596,0.36415529,14,1091
da02,1702060582118212,6.1760182,0.79929012,0.65340751,32,1096
85ab,1702060582617394,0.98295677,6.2792869,0.36903715,13,1101
da02,1702060583117374,6.1510162,0.80430043,0.6263414,32,1106
85ab,1702060583618176,0.98419273,6.2569475,0.37526032,14,1111
da02,1702060584118186,6.1444087,0.78446519,0.64279258,37,1116
85ab,1702060584618182,0.98719031,6.2471457,0.38648495,14,1121
da02,1702060585118263,6.1454711,0.77515125,0.66511059,37,1126
85ab,1702060585618352,0.98303819,6.2687769,0.37426031,12,1131
da02,1702060586118824,6.1530914,0.77706349,0.67125267,35,1136
85ab,1702060586618300,0.964681,6.2613268,0.36625242,12,1141
da02,1702060587118237,6.1445212,0.78155458,0.67835051,36,1146
85ab,1702060587618218,0.97658306,6.2640114,0.37004694,14,1151
da02,1702060588117563,6.1463366,0.76975429,0.68483239,37,1156
85ab,1702060588617740,0.96899116,6.2774711,0.35520619,11,1161
da02,1702060589118262,6.1284761,0.77578938,0.65406305,33,1166
85ab,1702060589618182,0.96680325,6.259481,0.36574566,14,1171
da02,1702060590118239,6.1301708,0.77224576,0.65175658,35,1176
85ab,1702060590618204,0.97601968,6.2603793,0.36942437,13,1181
da02,1702060591118185,6.1149721,0.80802143,0.60441434,28,1186
85ab,1702060591618228,0.96994269,6.262177,0.36598483,12,1191
da02,1702060592118233,6.1030111,0.80660319,0.58494622,32,1196
85ab,1702060592618271,0.9591921,6.2576327,0.36542463,13,1201
da02,1702060593118232,6.1232014,0.80177265,0.60990113,34,1206
85ab,1702060593617474,0.95293391,6.2703853,0.36176816,12,1211
da02,1702060594117557,6.1206679,0.799128,0.61182404,34,1216
85ab,1702060594618200,0.95296407,6.29315,0.35574383,11,1221
da02,1702060595118291,6.1309228,0.7933349,0.61099076,33,1226
85ab,1702060595618344,0.97059822,6.2974396,0.36575809,13,1231
da02,1702060596118211,6.1435504,0.794683,0.62464505,34,1236
85ab,1702060596618242,0.96847284,6.272634,0.36506456,14,1241
da02,1702060597118743,6.1549735,0.79239887,0.63993663,34,1246
85ab,1702060597618210,0.97003925,6.2532139,0.37439448,14,1251
da02,1702060598118249,6.1497645,0.8073259,0.6378963,33,1256
85ab,1702060598618247,0.97050625,6.2651067,0.3705526,12,1261
da02,1702060599118396,6.1513677,0.81003183,0.63444996,33,1266
85ab,1702060599617468,0.96468264,6.2468753,0.37705275,14,1271
da02,1702060600118216,6.160058,0.820379,0.65195894,34,1276
85ab,1702060600618254,0.97016066,6.2429409,0.3746599,14,1281
da02,1702060601119814,6.14604,0.82696784,0.65795219,35,1286
85ab,1702060601618311,0.95826513,6.256691,0.36699522,12,1291
da02,1702060602118267,6.1407132,0.835929,0.65301508,33,1296
85ab,1702060602618280,0.95775807,6.262651,0.35958046,12,1301
da02,1702060603118257,6.1475148,0.83372056,0.64425,32,1306
85ab,1702060603618228,0.967078,6.24378,0.37061545,15,1311
da02,1702060604118322,6.1373377,0.83594078,0.62642634,32,1316
85ab,1702060604617680,0.97763,6.2539387,0.37464359,13,1321
da02,1702060605117500,6.1524425,0.8330577,0.61622936,30,1326
85ab,1702060605618326,0.98704827,6.2397385,0.38061047,15,1331
da02,1702060606118246,6.15177,0.825515,0.61151016,32,1336
85ab,1702060606618280,0.9793455,6.2308931,0.37635079,13,1341
da02,1702060607118354,6.1521606,0.81458479,0.63264906,36,1346
85ab,1702060607618257,0.97389984,6.2195425,0.37775028,14,1351
da02,1702060608118816,6.1468477,0.81816459,0.62733579,33,1356
85ab,1702060608618348,0.96655458,6.2232823,0.37293625,13,1361
da02,1702060609118334,6.1515861,0.80215222,0.64381409,36,1366
85ab,1702060609618311,1.0433506,6.2517171,0.40657037,56,1371
da02,1702060610117658,6.1590257,0.79696429,0.66378039,36,1376
85ab,1702060610617550,1.0225383,6.2683258,0.39867938,12,1381
da02,1702060611118335,6.1537075,0.80406445,0.64399034,32,1386
85ab,1702060611618302,0.99568397,6.2620854,0.39543486,13,1391
da02,1702060612118292,6.1383071,0.82226694,0.61867696,31,1396
85ab,1702060612618302,0.9828195,6.2532277,0.39492702,13,1401
da02,1702060613118308,6.1573157,0.81824338,0.63391042,33,1406
85ab,1702060613618268,0.97605586,6.27059,0.38911653,12,1411
da02,1702060614118306,6.1525884,0.825407,0.62051046,31,1416
85ab,1702060614618377,0.97034627,6.2998915,0.37046668,11,1421
da02,1702060615117497,6.1646919,0.81656146,0.63478243,34,1426
85ab,1702060615618302,0.97177851,6.3047576,0.37061375,12,1431
da02,1702060616118311,6.1545839,0.810739,0.65123433,36,1436
85ab,1702060616618291,0.96308863,6.2881651,0.37314206,13,1
da02,1702060617118332,6.1599264,0.805994,0.66179419,35,6
85ab,1702060617618320,0.96821028,6.252542,0.38212869,15,11
da02,1702060618118296,6.1585326,0.80386895,0.64096028,32,16
85ab,1702060618618320,0.96513259,6.2508235,0.38185841,13,21
da02,1702060619118856,6.1556625,0.80366766,0.67684311,38,26
85ab,1702060619618325,0.98342907,6.2331109,0.38672426,15,31
da02,1702060620118378,6.1526856,0.8086347,0.67017323,34,36
85ab,1702060620617531,0.99279624,6.2394791,0.38755575,14,41
da02,1702060621118486,6.153677,0.80742449,0.64580607,31,46
85ab,1702060621618326,0.99772358,6.2441177,0.38317698,14,51
da02,1702060622118340,6.13078,0.83573729,0.6281985,32,56
85ab,1702060622618292,0.97965348,6.2478662,0.37820226,12,61
da02,1702060623118372,6.127089,0.83811176,0.60646832,31,66
85ab,1702060623618337,0.96899486,6.2793741,0.36810365,11,71
da02,1702060624118325,6.1402388,0.83982128,0.60879552,31,76
85ab,1702060624618342,0.95708948,6.2740388,0.3585743,12,81
da02,1702060625118371,6.1379066,0.85378915,0.61693037,33,86
85ab,1702060625618324,0.95872051,6.2782016,0.35058013,12,91
da02,1702060626117550,6.1547561,0.8334018,0.65049046,36,96
85ab,1702060626618331,0.95910031,6.2700686,0.35867646,13,101
da02,1702060627118304,6.162971,0.82975823,0.66985452,35,106
85ab,1702060627618350,0.96587968,6.2751985,0.3638736,13,111
da02,1702060628118347,6.1628284,0.82842082,0.65614408,32,116
85ab,1702060628618346,0.96518028,6.2671137,0.37055489,13,121
da02,1702060629118371,6.1529684,0.82293856,0.65237027,34,126
85ab,1702060629618356,0.9627983,6.2754683,0.37658781,12,131
da02,1702060630118918,6.1385112,0.84123558,0.64097959,32,136
85ab,1702060630618379,0.957852,6.2600646,0.37507769,13,141
da02,1702060631118412,6.1358724,0.85239434,0.64553261,33,146
85ab,1702060631617558,0.94394529,6.242259,0.37326491,13,151
da02,1702060632117584,6.1498055,0.82600582,0.64952713,34,156
85ab,1702060632618372,0.94839317,6.2527981,0.37124205,12,161
da02,1702060633118367,6.1533546,0.83408123,0.64588445,32,166
85ab,1702060633618376,0.95531368,6.2480783,0.37833267,14,171
da02,1702060634118384,6.1515694,0.82070965,0.648412,34,176
85ab,1702060634618377,0.95804656,6.2313218,0.38061935,14,181
da02,1702060635118388,6.1532445,0.8149057,0.63010782,31,186
85ab,1702060635618417,0.96080393,6.2460122,0.37443116,12,191
da02,1702060636118381,6.1565132,0.78624666,0.66175753,39,196
85ab,1702060636618414,0.96353972,6.2508254,0.37750959,13,201
da02,1702060637117588,6.1588349,0.78942758,0.67434424,36,206
85ab,1702060637617588,0.97108775,6.2530479,0.37469217,13,211
da02,1702060638118409,6.1488051,0.79255038,0.64248335,31,216
85ab,1702060638618396,0.96987712,6.2618876,0.3684735,12,221
da02,1702060639118430,6.1445007,0.80060077,0.667173,37,226
85ab,1702060639618413,0.95733619,6.270483,0.36086559,11,231
da02,1702060640118438,6.1464429,0.80386847,0.65676832,33,236
85ab,1702060640618405,0.9638502,6.2672229,0.36662254,13,241
da02,1702060641118935,6.1346431,0.80675817,0.63480461,32,246
85ab,1702060641618432,0.96186256,6.2484627,0.37506577,14,251
da02,1702060642118453,6.1214457,0.81953359,0.62477058,33,256
85ab,1702060642617652,0.96578932,6.2399507,0.38177484,14,261
da02,1702060643117623,6.1076765,0.83196408,0.57353044,27,266
85ab,1702060643618428,0.968448,6.2437696,0.37632316,13,271
da02,1702060644118711,6.1169343,0.81761253,0.62532765,39,276
85ab,1702060644618398,0.96355337,6.2594452,0.3663739,12,281
da02,1702060645118443,6.1047564,0.81711638,0.60983557,33,286
85ab,1702060645618433,0.9620142,6.2724581,0.36342806,12,291
da02,1702060646118464,6.127254,0.81762731,0.61666,32,296
85ab,1702060646618401,0.95542479,6.2442241,0.37221584,14,301
da02,1702060647118423,6.1144433,0.83485657,0.60598111,32,306
85ab,1702060647618506,0.9722271,6.2517524,0.37012962,13,311
da02,1702060648117684,6.1294208,0.81787014,0.63213766,36,316
85ab,1702060648617646,0.97605824,6.2477098,0.38001889,14,321
da02,1702060649118464,6.1265397,0.81322807,0.63317949,34,326
85ab,1702060649618434,0.96494883,6.2442636,0.3692998,12,331
da02,1702060650118456,6.1261244,0.80973196,0.60845917,31,336
85ab,1702060650618469,0.95650494,6.265717,0.36534759,11,341
da02,1702060651118516,6.1205807,0.79856026,0.59717387,33,346
85ab,1702060651618452,0.95601737,6.2643523,0.36518905,13,351
da02,1702060652119004,6.1122594,0.80416995,0.59631562,33,356
85ab,1702060652618464,0.9552415,6.2683659,0.36855924,13,361
da02,1702060653118493,6.1117883,0.81191659,0.6201424,36,366
85ab,1702060653617701,0.9658941,6.2708344,0.37094036,13,371
da02,1702060654117659,6.1142163,0.81549478,0.61807358,33,376
85ab,1702060654618489,0.98447913,6.2468605,0.37841687,15,381
da02,1702060655118469,6.1333613,0.79971707,0.63288265,35,386
85ab,1702060655618472,0.98463023,6.2556992,0.37252271,13,391
da02,1702060656118478,6.1336966,0.78606427,0.65401208,37,396
85ab,1702060656618510,0.983335,6.2716594,0.36184818,12,401
da02,1702060657118524,6.1373081,0.79856056,0.64206195,32,406
85ab,1702060657618496,0.97756112,6.2640433,0.36751819,13,411
da02,1702060658118480,6.1415105,0.798663,0.66218632,36,416
85ab,1702060658618487,0.980146,6.2611375,0.36850712,13,421
da02,1702060659117741,6.1402855,0.81675053,0.63524389,30,426
85ab,1702060659617679,1.0705117,6.2574167,0.41787845,55,431
da02,1702060660118508,6.1355891,0.80562592,0.6238665,33,436
85ab,1702060660618491,1.0477461,6.2381721,0.4077397,14,441
da02,1702060661118494,6.1332684,0.80363226,0.60240328,31,446
85ab,1702060661618532,1.0450104,6.2514381,0.3997618,14,451
da02,1702060662118511,6.137661,0.819966,0.62117863,34,456
85ab,1702060662618520,1.0115374,6.254631,0.38207319,12,461
da02,1702060663119051,6.1414886,0.8012678,0.61204678,32,466
85ab,1702060663618502,0.99004835,6.263494,0.37084669,12,471
da02,1702060664118525,6.151082,0.79440808,0.62966788,35,476
85ab,1702060664618039,0.97435015,6.2538657,0.36274114,13,481
da02,1702060665117744,6.1475673,0.78364259,0.65005755,37,486
85ab,1702060665618510,0.9719938,6.2752481,0.35275546,11,491
da02,1702060666118568,6.1477137,0.79435551,0.6188575,30,496
85ab,1702060666618519,0.96800971,6.2598996,0.35862604,13,501
da02,1702060667118566,6.1462746,0.81979829,0.60582072,30,506
85ab,1702060667618539,0.95046884,6.2633595,0.35305479,11,511
da02,1702060668118534,6.1708069,0.787873,0.64660436,37,516
85ab,1702060668618522,0.96306676,6.2550278,0.36109874,14,521
da02,1702060669118532,6.1646585,0.8050437,0.65723181,34,526
85ab,1702060669618876,0.945666,6.263083,0.35337052,11,531
da02,1702060670118757,6.1595521,0.79820174,0.63927817,32,536
85ab,1702060670617778,0.95773733,6.2520175,0.35611859,14,541
da02,1702060671118560,6.1570244,0.79409987,0.65434104,36,546
85ab,1702060671618543,0.95364541,6.251966,0.3615742,13,551
da02,1702060672118704,6.1619534,0.79102343,0.65963978,34,556
85ab,1702060672618624,0.95174086,6.2584019,0.35597935,12,561
da02,1702060673118518,6.1499071,0.79399806,0.62779248,31,566
85ab,1702060673618528,0.96946412,6.2466974,0.36341235,14,571
da02,1702060674119086,6.1421833,0.7917707,0.64133859,36,576
85ab,1702060674618577,0.96603936,6.2521691,0.3698709,13,581
da02,1702060675117844,6.1204743,0.82236755,0.61568248,31,586
85ab,1702060675617748,0.97253823,6.2568555,0.37321773,13,591
da02,1702060676118556,6.1190052,0.83524555,0.60673386,31,596
85ab,1702060676618678,0.964032,6.2596641,0.37136996,12,601
da02,1702060677118592,6.1133866,0.83550012,0.59354872,32,606
85ab,1702060677618589,0.961754,6.26291,0.36069673,12,611
da02,1702060678120303,6.1204367,0.8197692,0.61261612,35,616
85ab,1702060678618638,0.95305061,6.2682858,0.35806879,12,621
da02,1702060679118660,6.1436658,0.8066532,0.6368019,35,626
85ab,1702060679618706,0.95959967,6.2767024,0.35635832,12,631
da02,1702060680118648,6.1272984,0.802544,0.62020069,33,636
85ab,1702060680617847,0.96189147,6.2938633,0.35989314,12,641
da02,1702060681117875,6.1334085,0.80909109,0.65975475,38,646
85ab,1702060681618648,0.96256268,6.2986889,0.36055586,12,651
da02,1702060682118676,6.1311746,0.82902056,0.61862117,28,656
85ab,1702060682619196,0.96499592,6.3000808,0.35193965,12,661
da02,1702060683118616,6.1437283,0.83145648,0.62658638,33,666
85ab,1702060683618616,0.97420943,6.2850733,0.3635188,14,671
da02,1702060684118735,6.1519814,0.81904089,0.63882375,34,676
85ab,1702060684618601,0.97725582,6.2818213,0.36502171,13,681
da02,1702060685119198,6.1437926,0.82038718,0.63401723,33,686
85ab,1702060685618755,0.97220045,6.3043127,0.36978176,11,691
da02,1702060686117870,6.1527662,0.83097893,0.6314261,31,696
85ab,1702060686618271,0.97066867,6.2903543,0.37213552,13,701
da02,1702060687118714,6.1418386,0.84438986,0.61929852,31,706
85ab,1702060687618668,0.97064692,6.2966471,0.36488464,12,711
da02,1702060688119107,6.1428404,0.8373794,0.61603922,32,716
85ab,1702060688618735,0.9789024,6.2983928,0.36543986,13,721
da02,1702060689118763,6.1424441,0.83234555,0.61791378,33,726
85ab,1702060689618619,0.96955442,6.2944803,0.3619796,12,731
da02,1702060690118772,6.1553264,0.8259353,0.62477827,33,736
85ab,1702060690618745,0.96393651,6.3015289,0.36345878,12,741
da02,1702060691118662,6.1497111,0.81138915,0.60517853,31,746
85ab,1702060691617925,0.96297783,6.2910504,0.37115166,13,751
da02,1702060692117913,6.1392078,0.80815148,0.62006646,35,756
85ab,1702060692618767,0.96775073,6.2941952,0.36768955,12,761
da02,1702060693119242,6.1329966,0.80008066,0.6111449,33,766
85ab,1702060693618759,0.96512645,6.2862558,0.37242275,13,771
da02,1702060694118668,6.1346684,0.802395,0.5928511,30,776
85ab,1702060694618766,0.98159504,6.2777967,0.37720141,14,781
da02,1702060695118769,6.133399,0.82157815,0.59025335,31,786
85ab,1702060695618776,0.986035,6.294457,0.37103552,12,791
da02,1702060696119298,6.150064,0.82293868,0.62781286,35,796
85ab,1702060696618788,0.97390109,6.2845068,0.36008197,12,801
da02,1702060697117911,6.1417608,0.8271929,0.61006504,31,806
85ab,1702060697617942,0.96981657,6.276485,0.35955393,13,811
da02,1702060698119255,6.1215496,0.8271789,0.58332294,31,816
85ab,1702060698618787,0.97125804,6.2813029,0.3455579,12,821
da02,1702060699118788,6.1271372,0.81284326,0.60252488,35,826
85ab,1702060699618794,0.96419686,6.3014913,0.33983228,11,831
da02,1702060700118688,6.1239429,0.82140297,0.58614725,30,836
85ab,1702060700618798,0.96500152,6.2845984,0.35379794,14,841
da02,1702060701118792,6.11293,0.83991539,0.58325535,32,846
85ab,1702060701618832,0.98503953,6.2695613,0.37016392,15,851
da02,1702060702118823,6.1111903,0.82841021,0.57124442,31,856
85ab,1702060702617982,0.97239673,6.2666793,0.36148956,12,861
da02,1702060703117953,6.1126308,0.82696408,0.58527184,34,866
85ab,1702060703619283,0.97547847,6.2742,0.36665443,13,871
da02,1702060704119102,6.1177707,0.8245393,0.58846027,32,876
85ab,1702060704618628,0.9822011,6.2750773,0.36603153,13,881
da02,1702060705118818,6.1442523,0.79279053,0.62890309,37,886
85ab,1702060705618820,0.97783566,6.2664719,0.36716217,13,891
da02,1702060706118691,6.1265082,0.81559962,0.5831089,28,896
85ab,1702060706618765,0.966543,6.2516479,0.37288502,13,901
da02,1702060707119285,6.1467423,0.80419195,0.63100481,37,906
85ab,1702060707618784,0.96855319,6.2588377,0.37674114,13,911
da02,1702060708117982,6.162838,0.78994632,0.64255911,34,916
85ab,1702060708617949,0.96759975,6.2722969,0.36925104,12,921
da02,1702060709119297,6.1616311,0.78548342,0.65881127,36,926
85ab,1702060709618779,0.96149594,6.2946162,0.35370651,11,931
da02,1702060710118768,6.1515851,0.78362685,0.66993725,37,936
85ab,1702060710618762,0.95721221,6.2853231,0.3569285,13,941
da02,1702060711118788,6.1421924,0.795387,0.66574144,34,946
85ab,1702060711618774,0.96230155,6.27094,0.36696064,14,951
da02,1702060712118782,6.14391,0.79973108,0.6530444,33,956
85ab,1702060712618799,0.96253532,6.2998476,0.35764456,11,961
da02,1702060713118823,6.1510191,0.81417519,0.6353609,30,966
85ab,1702060713618003,0.96054012,6.2888288,0.3597928,13,971
da02,1702060714117968,6.1534066,0.82612222,0.62503779,31,976
85ab,1702060714619289,0.98067892,6.2559304,0.37641388,16,981
da02,1702060715118800,6.155026,0.82972115,0.61833125,31,986
85ab,1702060715618798,0.97343713,6.2780571,0.36518249,11,991
da02,1702060716118794,6.1339879,0.84860331,0.59408635,30,996
85ab,1702060716618794,0.97264177,6.25853,0.37758818,14,1001
da02,1702060717118827,6.1380186,0.843915,0.61396939,34,1006
85ab,1702060717618820,0.97599709,6.24208,0.39075562,15,1011
da02,1702060718119302,6.1516237,0.81408358,0.65772223,39,1016
85ab,1702060718618824,0.98329145,6.2581787,0.38344675,13,1021
da02,1702060719118222,6.1596446,0.799614,0.66941524,36,1026
85ab,1702060719617998,0.97026193,6.261488,0.38064638,12,1031
da02,1702060720119318,6.2267909,0.81155872,0.57270777,55,1036
85ab,1702060720618764,0.96349257,6.2472053,0.37496215,13,1041
da02,1702060721118799,6.19859,0.81167132,0.57127756,32,1046
85ab,1702060721618824,0.98733974,6.2280307,0.38440675,16,1051
da02,1702060722118754,6.165535,0.82606739,0.53341067,27,1056
85ab,1702060722618816,0.97989553,6.2240672,0.3813324,13,1061
da02,1702060723118825,6.1548486,0.83685255,0.55090815,32,1066
85ab,1702060723618764,0.9779442,6.2442484,0.37145433,12,1071
da02,1702060724118866,6.1825247,0.81261688,0.60726309,36,1076
85ab,1702060724619132,0.97897553,6.2355361,0.37596336,14,1081
da02,1702060725118029,6.1696916,0.83641779,0.57518017,27,1086
85ab,1702060725618852,0.97579294,6.2498817,0.36906335,12,1091
da02,1702060726119022,6.1728091,0.83356297,0.61362267,35,1096
85ab,1702060726618895,0.97731847,6.249948,0.37458017,13,1101
da02,1702060727118745,6.171639,0.82305187,0.62710226,34,1106
85ab,1702060727618724,0.97237957,6.2663426,0.36529818,12,1111
da02,1702060728118767,6.1622047,0.80486846,0.64543271,37,1116
85ab,1702060728618796,0.9661693,6.2608995,0.36037222,13,1121
da02,1702060729119312,6.1503887,0.81410491,0.6144492,30,1126
85ab,1702060729619139,0.9719792,6.2606039,0.36134863,13,1131
da02,1702060730119087,6.1455188,0.82895577,0.6186071,33,1136
85ab,1702060730618086,0.98173296,6.2626295,0.36379641,13,1141
da02,1702060731119484,6.1433325,0.82380718,0.60374147,31,1146
85ab,1702060731618903,0.98035938,6.2890449,0.35797909,11,1151
da02,1702060732118789,6.1469436,0.80733365,0.60397416,33,1156
85ab,1702060732618902,0.98510826,6.2870507,0.36159602,13,1161
da02,1702060733118890,6.1358767,0.81378722,0.57702172,30,1166
85ab,1702060733618932,0.99082619,6.2754517,0.3687501,14,1171
da02,1702060734118990,6.1310873,0.81624669,0.60961962,36,1176
85ab,1702060734619095,0.992309,6.2417436,0.376739,15,1181
da02,1702060735118066,6.2247391,0.70061725,0.85875833,66,1186
85ab,1702060735618137,0.980322,6.2512856,0.37232476,12,1191
da02,1702060736118109,6.1904821,0.72956139,0.80012709,34,1196
85ab,1702060736619361,0.98513222,6.23844,0.37541267,14,1201
da02,1702060737118888,6.1718216,0.74432677,0.76837015,36,1206
85ab,1702060737618823,0.99332291,6.2533154,0.37814182,13,1211
da02,1702060738118800,6.1572013,0.76278251,0.74165618,35,1216
85ab,1702060738618814,0.99442077,6.2287631,0.38656878,15,1221
da02,1702060739118835,6.1530409,0.77438462,0.71467787,33,1226
85ab,1702060739618798,0.97204179,6.2429156,0.3830547,12,1231
da02,1702060740119466,6.1513667,0.78053105,0.71840632,37,1236
85ab,1702060740618040,0.96913123,6.2289786,0.38429078,14,1241
da02,1702060741118119,6.1608357,0.79627621,0.71663296,34,1246
85ab,1702060741619450,0.97738993,6.2267313,0.38829878,14,1251
da02,1702060742118824,6.14741,0.82329428,0.67627352,30,1256
85ab,1702060742618924,0.96959633,6.2080917,0.38322797,14,1261
da02,1702060743118962,6.1437497,0.82982206,0.67172116,34,1266
85ab,1702060743618798,0.9716326,6.2285895,0.37734956,13,1271
da02,1702060744118828,6.1407747,0.81926733,0.65699929,33,1276
85ab,1702060744618838,0.96594179,6.2390389,0.37005147,12,1281
da02,1702060745118828,6.134316,0.80731291,0.65452218,35,1286
85ab,1702060745618181,0.96300012,6.2413578,0.38180709,13,1291
da02,1702060746118937,6.1321082,0.81857216,0.62659025,30,1296
85ab,1702060746619427,0.97645366,6.2287703,0.38536632,15,1301
da02,1702060747118860,6.1365194,0.82249224,0.62257922,32,1306
85ab,1702060747618883,0.97311074,6.2401395,0.38398677,13,1311
da02,1702060748118896,6.1347804,0.83011359,0.62925994,34,1316
85ab,1702060748618962,0.97680819,6.2364955,0.38320905,14,1321
da02,1702060749118947,6.1297555,0.85223836,0.6419639,34,1326
85ab,1702060749618958,0.96736091,6.2327704,0.37087455,13,1331
da02,1702060750118997,6.1188149,0.85233927,0.61747086,31,1336
85ab,1702060750618962,0.96022767,6.2357206,0.36362359,12,1341
da02,1702060751119497,6.1298881,0.847369,0.61433882,32,1346
85ab,1702060751618186,0.95877212,6.258894,0.36238763,12,1351
da02,1702060752119449,6.1406174,0.82656318,0.6368221,36,1356
85ab,1702060752618990,0.96887136,6.2702017,0.36704236,13,1361
da02,1702060753119036,6.1481786,0.80835873,0.67621821,39,1366
85ab,1702060753618985,0.96972746,6.2573566,0.36394268,13,1371
da02,1702060754118980,6.15293,0.82082653,0.62238103,27,1376
85ab,1702060754619041,0.96238112,6.2548594,0.35701171,12,1381
da02,1702060755120558,6.1410232,0.81116617,0.62196594,34,1386
85ab,1702060755619029,0.95359975,6.2574782,0.34893209,12,1391
da02,1702060756119046,6.1397042,0.80752438,0.61976451,33,1396
85ab,1702060756619057,0.95634389,6.2578869,0.35676295,13,1401
da02,1702060757118139,6.1483665,0.81633455,0.65084904,36,1406
85ab,1702060757618463,0.98504126,6.251761,0.36695218,15,1411
da02,1702060758118984,6.1485405,0.81207639,0.64047533,33,1416
85ab,1702060758619024,0.9773823,6.245069,0.37348574,13,1421
da02,1702060759119032,6.156918,0.79864073,0.66361696,37,1426
85ab,1702060759619027,0.97418076,6.2666225,0.36934862,12,1431
da02,1702060760119046,6.1376457,0.82388186,0.63039446,30,1436
85ab,1702060760619036,0.9638018,6.2707777,0.3679198,12,1
da02,1702060761119057,6.1446714,0.81102186,0.65624189,37,6
85ab,1702060761619036,0.96940583,6.2779856,0.37007415,13,11
da02,1702060762119577,6.143013,0.81459308,0.64636481,33,16
85ab,1702060762618554,0.95442313,6.2818465,0.3625567,11,21
da02,1702060763118183,6.147501,0.81973392,0.64648724,33,26
85ab,1702060763619044,0.94867951,6.2666593,0.36132342,13,31
da02,1702060764119397,6.1494679,0.82499284,0.61935961,30,36
85ab,1702060764619010,0.94175184,6.2604218,0.36684448,13,41
da02,1702060765119047,6.143044,0.82687312,0.61603791,33,46
85ab,1702060765619059,0.94929063,6.2682557,0.36561546,12,51
da02,1702060766119046,6.1276717,0.82339793,0.59809488,32,56
85ab,1702060766619064,0.95791316,6.2585545,0.36456242,13,61
da02,1702060767119121,6.1294293,0.80156958,0.6270107,37,66
85ab,1702060767619554,0.97124118,6.26998,0.35930187,13,71
da02,1702060768118221,6.1414518,0.80197757,0.63797879,34,76
85ab,1702060768618201,0.97719026,6.2514977,0.36957073,14,81
da02,1702060769119057,6.1336117,0.81569153,0.62580627,32,86
85ab,1702060769619048,0.968311,6.1838055,0.39154637,67,91
da02,1702060770119052,6.1314559,0.81630605,0.63214833,34,96
85ab,1702060770619067,0.96670955,6.1809011,0.39088982,14,101
da02,1702060771119063,6.1281581,0.81951129,0.60568637,30,106
85ab,1702060771619094,0.94802314,6.2169461,0.37392727,11,111
da02,1702060772119080,6.1369681,0.80057734,0.63690245,37,116
85ab,1702060772619580,0.95766604,6.2317157,0.36849135,13,121
da02,1702060773119653,6.1442537,0.802054,0.620763,31,126
85ab,1702060773618288,0.96982324,6.2672615,0.3684805,12,131
da02,1702060774118254,6.1556888,0.808771,0.62206781,32,136
85ab,1702060774619110,0.96671665,6.2569766,0.37216327,13,141
da02,1702060775119117,6.1357694,0.80802929,0.60146779,32,146
85ab,1702060775619143,0.96849132,6.2615976,0.36177886,12,151
da02,1702060776119121,6.15228,0.81220996,0.6208266,33,156
85ab,1702060776619126,0.97226226,6.262671,0.36257049,13,161
da02,1702060777119128,6.1638813,0.79039735,0.62259758,33,166
85ab,1702060777619066,0.96532643,6.2511621,0.36313215,13,171
da02,1702060778118941,6.1722822,0.77482486,0.67340273,40,176
85ab,1702060778619232,0.97200352,6.2404447,0.373686,14,181
da02,1702060779118312,6.1556087,0.78565603,0.67216873,35,186
85ab,1702060779618160,0.97813839,6.2445602,0.37373358,13,191
da02,1702060780118949,6.1539721,0.79802608,0.66025233,33,196
85ab,1702060780618943,0.98053259,6.2680936,0.37021685,12,201
da02,1702060781118945,6.1520562,0.79034883,0.66597307,36,206
85ab,1702060781618969,0.97729278,6.269505,0.36914203,13,211
da02,1702060782118984,6.1371861,0.80222404,0.66172713,35,216
85ab,1702060782618958,0.98964542,6.2596369,0.37619832,14,221
da02,1702060783118988,6.1292858,0.81049144,0.64552563,33,226
85ab,1702060783618962,0.98629373,6.2631626,0.374593,13,231
da02,1702060784119690,6.1354671,0.82533514,0.65623814,34,236
85ab,1702060784618436,0.99088234,6.2693248,0.35800216,12,241
da02,1702060785118268,6.1243682,0.83984411,0.65492678,34,246
85ab,1702060785619092,0.99046552,6.2693043,0.36278686,13,251
da02,1702060786119105,6.127429,0.84428746,0.62835085,30,256
85ab,1702060786619095,1.0037625,6.26186,0.37673604,15,261
da02,1702060787119087,6.1310568,0.83505976,0.62272358,33,266
85ab,1702060787619116,0.99758857,6.2765322,0.37288639,12,271
da02,1702060788119561,6.1376238,0.83263612,0.60910118,31,276
85ab,1702060788619116,0.98499441,6.2811737,0.36984089,12,281
da02,1702060789119132,6.1431088,0.824904,0.63819987,36,286
85ab,1702060789619120,0.96499377,6.2708926,0.37036252,12,291
da02,1702060790118448,6.1310682,0.83284426,0.63748467,34,296
85ab,1702060790618267,0.9746154,6.2634683,0.37882784,14,301
da02,1702060791119097,6.1303806,0.83254784,0.62531954,32,306
85ab,1702060791619104,0.97327775,6.2902784,0.36302757,11,311
da02,1702060792119119,6.1201196,0.82130969,0.62333643,34,316
85ab,1702060792619112,0.97341216,6.2809491,0.35679495,13,321
da02,1702060793119584,6.1273556,0.82253134,0.62266493,33,326
85ab,1702060793619144,0.9747864,6.2841907,0.36404893,13,331
da02,1702060794119142,6.1206293,0.82584316,0.59336489,30,336
85ab,1702060794619173,0.96613103,6.2829905,0.35840383,12,341
da02,1702060795118568,6.1375928,0.83156335,0.6186763,34,346
85ab,1702060795619110,0.97734684,6.28167,0.36083761,13,351
da02,1702060796119130,6.154572,0.81213343,0.64165068,35,356
85ab,1702060796619146,0.97198504,6.2839,0.362114,12,361
da02,1702060797119160,6.1563673,0.78995681,0.66879064,38,366
85ab,1702060797619168,0.96681774,6.2835565,0.37125808,13,371
da02,1702060798119656,6.1616035,0.79794317,0.69624656,37,376
85ab,1702060798619162,0.96266556,6.2643223,0.37386879,14,381
da02,1702060799119146,6.15736,0.80189455,0.68839192,34,386
85ab,1702060799619166,0.97048694,6.2652779,0.36724073,13,391
da02,1702060800119180,6.1388178,0.80745566,0.64348495,30,396
85ab,1702060800618322,0.97305405,6.2808204,0.36008993,12,401
da02,1702060801119164,6.1378789,0.8083356,0.64080077,34,406
85ab,1702060801619150,0.96184027,6.2681079,0.36907238,13,411
da02,1702060802119134,6.1305408,0.81212991,0.64267981,34,416
85ab,1702060802619151,0.97628236,6.2671332,0.37097296,14,421
da02,1702060803119157,6.145154,0.81542414,0.62552744,30,426
85ab,1702060803619670,0.96572149,6.2923741,0.36541271,11,431
da02,1702060804119154,6.1460037,0.81348318,0.58767486,28,436
85ab,1702060804619178,0.96079791,6.2853332,0.35997224,12,441
da02,1702060805119144,6.1564245,0.7979489,0.60741746,34,446
85ab,1702060805619186,0.96220815,6.2916183,0.35170969,12,451
da02,1702060806118622,6.1544094,0.80746889,0.61519521,33,456
85ab,1702060806619182,0.96096957,6.2532325,0.37205613,15,461
da02,1702060807119113,6.1381378,0.80320042,0.59356177,31,466
85ab,1702060807619177,0.96412748,6.25331,0.36751983,13,471
da02,1702060808119170,6.1440253,0.71233749,0.57165611,65,476
85ab,1702060808619179,0.95623386,6.2407985,0.37755096,14,481
da02,1702060809119639,6.1455688,0.74851328,0.62538183,38,486
85ab,1702060809619230,0.96452761,6.271564,0.36609539,11,491
da02,1702060810119191,6.1356645,0.7701804,0.62636411,34,496
85ab,1702060810619161,0.98891127,6.2602034,0.374783,15,501
da02,1702060811119209,6.1402779,0.76616406,0.64567244,36,506
85ab,1702060811618361,0.97158015,6.25475,0.37440726,13,511
da02,1702060812119207,6.1617832,0.73377651,0.68997389,40,516
85ab,1702060812619172,0.97316891,6.2466121,0.37249339,14,521
da02,1702060813119187,6.1444979,0.75377768,0.65448838,32,526
85ab,1702060813619196,0.97938961,6.2747836,0.3635999,12,531
da02,1702060814119676,6.1373777,0.78000033,0.62761205,31,536
85ab,1702060814619246,0.97681123,6.2808652,0.3609415,12,541
da02,1702060815119232,6.1512103,0.76711982,0.66002947,38,546
85ab,1702060815619204,0.97308469,6.2986145,0.35280895,11,551
da02,1702060816119215,6.1380987,0.79381984,0.63546157,31,556
85ab,1702060816619248,0.9673658,6.2912717,0.35455731,12,561
da02,1702060817118381,6.1461692,0.77785569,0.627233,33,566
85ab,1702060817618398,0.9730857,6.29021,0.36962366,13,571
da02,1702060818119202,6.1357155,0.8001889,0.59925705,30,576
85ab,1702060818619196,0.96234083,6.2866635,0.35913986,12,581
da02,1702060819119226,6.1312609,0.79884374,0.60805142,34,586
85ab,1702060819619695,0.96138287,6.278194,0.37371644,13,591
da02,1702060820119227,6.1256413,0.80389893,0.62585467,36,596
85ab,1702060820619244,0.96147132,6.2887826,0.36870411,12,601
da02,1702060821119230,6.1426849,0.80902636,0.61660558,31,606
85ab,1702060821619209,0.95794445,6.2970209,0.36064249,12,611
da02,1702060822119236,6.1391706,0.81578213,0.61819541,33,616
85ab,1702060822618424,0.96750414,6.3109603,0.36431044,12,621
da02,1702060823118392,6.1505156,0.8049807,0.62184143,33,626
85ab,1702060823619254,0.96251273,6.2966056,0.35886794,12,631
da02,1702060824119592,6.1501603,0.79961139,0.66152096,39,636
85ab,1702060824619667,0.95546025,6.2770329,0.36045066,13,641
da02,1702060825119232,6.1534705,0.79104185,0.65649253,34,646
85ab,1702060825619235,0.96578449,6.2662559,0.36176506,14,651
da02,1702060826119229,6.1528125,0.80162752,0.65771919,34,656
85ab,1702060826619242,0.99489254,6.2545462,0.37250572,15,661
da02,1702060827119341,6.1535149,0.79726046,0.68195879,38,666
85ab,1702060827619254,0.97753018,6.2489734,0.37251982,13,671
da02,1702060828118748,6.1515059,0.79221356,0.67853,35,676
85ab,1702060828618425,0.97253841,6.2610884,0.36517254,12,681
da02,1702060829119249,6.1568065,0.79512423,0.66475844,32,686
85ab,1702060829619828,0.98683459,6.2469053,0.37318057,15,691
da02,1702060830119281,6.1485419,0.79801935,0.6752876,36,696
85ab,1702060830619294,0.97838956,6.2417097,0.37520996,13,701
da02,1702060831119317,6.1514935,0.79645425,0.68327618,36,706
85ab,1702060831619296,0.95862943,6.241446,0.36709917,12,711
da02,1702060832120828,6.1574039,0.79765767,0.67399096,33,716
85ab,1702060832619347,0.95970947,6.2408085,0.37735841,14,721
da02,1702060833119298,6.1589394,0.80054891,0.64302063,30,726
85ab,1702060833618487,0.97220916,6.2616258,0.36852565,12,731
da02,1702060834118481,6.1478744,0.81900024,0.64700955,34,736
85ab,1702060834619780,0.98077619,6.287302,0.3652142,12,741
da02,1702060835119279,6.1556449,0.82125121,0.64074552,32,746
85ab,1702060835619295,1.0508605,6.2875776,0.40003839,56,751
da02,1702060836119272,6.1350436,0.82275844,0.62314141,33,756
85ab,1702060836619284,1.0246106,6.2886229,0.38766474,12,761
da02,1702060837119333,6.1462049,0.83497804,0.62426996,31,766
85ab,1702060837619236,1.0128933,6.2788706,0.38406029,13,771
da02,1702060838119230,6.1504745,0.81977785,0.62141532,33,776
85ab,1702060838619277,1.0043973,6.2815051,0.38486674,13,781
da02,1702060839118830,6.1652861,0.79461044,0.68723029,42,786
85ab,1702060839618471,1.0028108,6.2884583,0.37665132,13,791
da02,1702060840119862,6.1635318,0.79308063,0.65831858,31,796
85ab,1702060840619288,0.99220806,6.2854848,0.37160531,12,801
da02,1702060841119307,6.1590424,0.80786121,0.64110941,31,806
85ab,1702060841619336,0.98350525,6.268414,0.3753086,14,811
da02,1702060842119294,6.1514387,0.81267184,0.63560915,33,816
85ab,1702060842619304,0.98986757,6.2839384,0.38251194,13,821
da02,1702060843119332,6.166338,0.78981793,0.6727047,38,826
85ab,1702060843619322,0.98325408,6.261127,0.38099071,14,831
da02,1702060844119338,6.1382947,0.80347037,0.63027906,31,836
85ab,1702060844618557,0.96986175,6.2585087,0.38174748,13,841
da02,1702060845118495,6.1270514,0.81163692,0.627994,34,846
85ab,1702060845619860,0.97216296,6.2537632,0.38334921,14,851
da02,1702060846119443,6.120122,0.82478231,0.60701275,31,856
85ab,1702060846619316,0.98247528,6.2380905,0.3970935,15,861
da02,1702060847119328,6.1327076,0.82138073,0.62210143,34,866
85ab,1702060847620669,0.9776656,6.23915,0.39149234,13,871
da02,1702060848119288,6.1409793,0.81907094,0.63781071,35,876
85ab,1702060848619345,0.97080147,6.2500482,0.38245541,12,881
da02,1702060849121200,6.1489425,0.82203948,0.65341586,35,886
85ab,1702060849619363,0.96423078,6.2709537,0.36842525,11,891
da02,1702060850118950,6.1457367,0.81236112,0.65819907,35,896
85ab,1702060850618677,0.95594054,6.2588921,0.37763324,13,901
da02,1702060851119836,6.1369209,0.80774856,0.64238733,33,906
85ab,1702060851619361,0.95199662,6.2640166,0.36859208,12,911
da02,1702060852120819,6.1340618,0.83116078,0.6228748,30,916
85ab,1702060852619373,0.9588598,6.2677236,0.36212102,13,921
da02,1702060853119339,6.1341882,0.83821118,0.58422536,28,926
85ab,1702060853622792,0.9710921,6.2655706,0.37158734,14,931
da02,1702060854119350,6.122128,0.84752637,0.58810788,33,936
85ab,1702060854619384,0.96797305,6.2870646,0.37105888,12,941
da02,1702060855118598,6.1359634,0.8285445,0.59746075,33,946
85ab,1702060855619460,0.97141564,6.2858148,0.37739027,13,951
da02,1702060856119298,6.1504464,0.81873715,0.62382889,35,956
85ab,1702060856619346,0.97407913,6.2880096,0.37309092,13,961
da02,1702060857119348,6.1346092,0.81908566,0.60509688,32,966
85ab,1702060857619364,0.9947089,6.2722521,0.37503776,15,971
da02,1702060858119278,6.1480656,0.80871594,0.62787271,35,976
85ab,1702060858619324,1.0154022,6.2663088,0.38565585,15,981
da02,1702060859119276,6.1498065,0.80906045,0.61346203,31,986
85ab,1702060859619338,1.0056113,6.2659192,0.38243997,13,991
da02,1702060860119368,6.1508842,0.8054201,0.64024925,36,996
85ab,1702060860618568,0.9871136,6.2691503,0.36735472,12,1001
da02,1702060861118840,6.1366067,0.81834573,0.61500543,31,1006
85ab,1702060861619810,0.98015219,6.256568,0.36274603,13,1011
da02,1702060862119391,6.1476183,0.80246526,0.62654239,34,1016
85ab,1702060862619384,0.97748303,6.2579141,0.35535407,13,1021
da02,1702060863119331,6.1482682,0.81566548,0.59447193,28,1026
85ab,1702060863619402,0.97202539,6.2708235,0.36446044,12,1031
da02,1702060864119410,6.149704,0.81138659,0.61002594,34,1036
85ab,1702060864619348,0.97848207,6.2481108,0.37665713,15,1041
da02,1702060865119414,6.1376343,0.8130762,0.6173026,34,1046
85ab,1702060865619434,0.98381,6.2538218,0.36841545,13,1051
da02,1702060866118598,6.1577945,0.80464089,0.62921757,33,1056
85ab,1702060866618595,0.97428691,6.2600522,0.3689945,12,1061
da02,1702060867119853,6.1551452,0.80824852,0.61703134,31,1066
85ab,1702060867619342,0.963201,6.2788758,0.35798863,11,1071
da02,1702060868119300,6.1462345,0.79768491,0.61973137,34,1076
85ab,1702060868619434,0.95853043,6.2801309,0.35395667,12,1081
da02,1702060869119296,6.1302028,0.81813365,0.604538,31,1086
85ab,1702060869619345,0.96041614,6.280076,0.35760972,13,1091
da02,1702060870119409,6.1320415,0.81232148,0.61588222,34,1096
85ab,1702060870619356,0.95861644,6.2799044,0.354975,12,1101
da02,1702060871119448,6.1190038,0.81632459,0.59828895,32,1106
85ab,1702060871618569,0.98698729,6.265203,0.36383915,15,1111
da02,1702060872118845,6.1047611,0.84427124,0.56402749,28,1116
85ab,1702060872619420,0.97555333,6.2586265,0.37250748,13,1121
da02,1702060873119286,6.1182632,0.8338834,0.60801017,37,1126
85ab,1702060873619377,0.97077495,6.2673488,0.35870275,12,1131
da02,1702060874119371,6.1231494,0.81757146,0.6404137,38,1136
85ab,1702060874619383,0.96421093,6.27487,0.35340619,12,1141
da02,1702060875119340,6.1447878,0.825998,0.64320624,32,1146
85ab,1702060875619377,0.95411885,6.25032,0.36853829,14,1151
da02,1702060876119440,6.1410737,0.8294223,0.65973711,36,1156
85ab,1702060876619712,0.959368,6.2484608,0.3646172,13,1161
da02,1702060877118535,6.1379623,0.83888209,0.654005,33,1166
85ab,1702060877618589,0.9513399,6.2370133,0.3600553,13,1171
da02,1702060878119379,6.1328893,0.8433677,0.62831658,31,1176
85ab,1702060878619360,0.95539826,6.228303,0.36779964,14,1181
da02,1702060879119400,6.1479583,0.84444231,0.63234872,32,1186
85ab,1702060879619369,0.94399047,6.2196689,0.36143044,13,1191
da02,1702060880119352,6.1424465,0.826789,0.65694606,38,1196
85ab,1702060880619399,0.95022041,6.2317739,0.36585781,13,1201
da02,1702060881119368,6.1395621,0.82955414,0.64652085,33,1206
85ab,1702060881619374,0.95888829,6.2388954,0.36894771,13,1211
da02,1702060882119417,6.1377916,0.847766,0.62764817,30,1216
85ab,1702060882618611,0.98268634,6.2295685,0.3764337,15,1221
da02,1702060883118832,6.1476278,0.82486343,0.68845946,41,1226
85ab,1702060883619440,1.0000126,6.2179732,0.37867886,15,1231
da02,1702060884119552,6.15546,0.82341367,0.6708793,32,1236
85ab,1702060884619408,0.99515116,6.2274232,0.37845749,13,1241
da02,1702060885119416,6.1467257,0.83440828,0.65593219,32,1246
85ab,1702060885619516,0.98934013,6.2570953,0.37011182,12,1251
da02,1702060886119373,6.1371565,0.83263564,0.634844,32,1256
85ab,1702060886619492,0.99184382,6.2474,0.37612841,14,1261
da02,1702060887119448,6.1238112,0.84611285,0.61793256,32,1266
85ab,1702060887619485,0.97013086,6.2590284,0.37056491,11,1271
da02,1702060888119052,6.1173124,0.83329785,0.61015576,33,1276
85ab,1702060888618662,0.9764089,6.2475891,0.37237358,14,1281
da02,1702060889119948,6.1037974,0.82556051,0.59008348,32,1286
85ab,1702060889619577,0.96839696,6.2388783,0.37485766,13,1291
da02,1702060890119628,6.1161814,0.83361572,0.63347185,37,1296
85ab,1702060890619522,0.97534353,6.2391715,0.38416746,14,1301
da02,1702060891119441,6.1283884,0.82520676,0.65672374,36,1306
85ab,1702060891619593,0.97556728,6.2557044,0.3780044,12,1311
da02,1702060892119526,6.1307368,0.81659472,0.671,36,1316
85ab,1702060892619580,0.96705306,6.2568431,0.37326875,12,1321
da02,1702060893119510,6.1309667,0.83269453,0.63914847,30,1326
85ab,1702060893618683,0.98132777,6.2373195,0.37472722,15,1331
da02,1702060894118978,6.1396346,0.81325215,0.66927111,38,1336
85ab,1702060894620031,0.96994793,6.2455864,0.36668903,12,1341
da02,1702060895119453,6.1407843,0.80886257,0.65011472,32,1346
85ab,1702060895619577,0.9733547,6.2517867,0.36587676,13,1351
da02,1702060896119552,6.1411781,0.82716835,0.61659282,29,1356
85ab,1702060896619554,0.98018259,6.2599435,0.37008932,13,1361
da02,1702060897119532,6.1193266,0.84797072,0.56630379,27,1366
85ab,1702060897619558,0.98244071,6.2622685,0.37185225,13,1371
da02,1702060898119556,6.1317015,0.83939838,0.61534369,37,1376
85ab,1702060898619586,0.97834885,6.2510014,0.37645888,14,1381
da02,1702060899118878,6.1268778,0.83654559,0.623211,34,1386
85ab,1702060899618733,0.98467886,6.2528973,0.37784186,14,1391
da02,1702060900120056,6.1191425,0.82790673,0.6250574,34,1396
85ab,1702060900619566,0.97898543,6.2382665,0.37851948,14,1401
da02,1702060901119572,6.1076593,0.82649755,0.59951484,31,1406
85ab,1702060901619571,0.97029561,6.2231445,0.38677961,14,1411
da02,1702060902119581,6.1070704,0.8232885,0.60808188,34,1416
85ab,1702060902619570,0.98079395,6.2376256,0.38469204,13,1421
da02,1702060903119565,6.1044149,0.82020992,0.61454135,34,1426
85ab,1702060903619584,0.97427696,6.2453957,0.374995,12,1431
da02,1702060904119612,6.1191978,0.81408834,0.59708112,30,1436
85ab,1702060904619774,0.96747839,6.2377834,0.38232085,14,1
da02,1702060905119057,6.1279278,0.80358994,0.62557161,36,6
85ab,1702060905620040,0.97835737,6.2276225,0.38586137,15,11
da02,1702060906119619,6.1192441,0.82154346,0.59800565,30,16
85ab,1702060906619622,1.0041718,6.2335386,0.39129514,15,21
da02,1702060907119597,6.1298881,0.81467414,0.61051661,34,26
85ab,1702060907619540,0.98380935,6.2215266,0.38519454,13,31
da02,1702060908119583,6.1417933,0.81298155,0.63429934,35,36
85ab,1702060908619573,0.97933805,6.2261577,0.38845995,13,41
da02,1702060909121216,6.1556535,0.80738646,0.67566007,38,46
85ab,1702060909619655,0.98893154,6.257813,0.38767141,13,51
da02,1702060910119807,6.1521554,0.82082081,0.65591955,32,56
85ab,1702060910618797,0.989485,6.2566,0.37720561,13,61
da02,1702060911120139,6.1424518,0.82685304,0.66027772,35,66
85ab,1702060911619657,0.98046458,6.254292,0.36835727,13,71
da02,1702060912119521,6.1411777,0.82892382,0.65385938,33,76
85ab,1702060912619674,0.97933209,6.2537966,0.37859017,14,81
da02,1702060913119639,6.1389675,0.80406404,0.662132,37,86
85ab,1702060913619646,0.98213351,6.2372837,0.38839772,15,91
da02,1702060914119622,6.1333847,0.81741983,0.61868089,29,96
85ab,1702060914619606,0.980329,6.2591109,0.37686065,12,101
da02,1702060915118783,6.1288228,0.81941181,0.63975,36,106
85ab,1702060915619632,0.96630436,6.2380676,0.37417141,13,111
da02,1702060916120114,6.1158819,0.8350001,0.63077056,33,116
85ab,1702060916620084,0.96845716,6.2349415,0.37438077,14,121
da02,1702060917119600,6.120553,0.84780484,0.59296983,28,126
85ab,1702060917619579,0.97190952,6.237349,0.37099764,13,131
da02,1702060918119567,6.1254482,0.819442,0.62341422,37,136
85ab,1702060918619598,0.97779983,6.2650075,0.35769302,12,141
da02,1702060919119625,6.1228204,0.82314336,0.63600379,35,146
85ab,1702060919619625,0.98314214,6.2691503,0.36536217,13,151
da02,1702060920119663,6.120296,0.84624106,0.60617328,29,156
85ab,1702060920618822,0.98033339,6.2669277,0.3671155,13,161
da02,1702060921119639,6.1036353,0.84240812,0.5791083,31,166
85ab,1702060921620117,0.9919259,6.2734251,0.36931145,13,171
da02,1702060922119622,6.1050224,0.83072954,0.59004146,34,176
85ab,1702060922619664,0.99453664,6.2677536,0.37029868,14,181
da02,1702060923119727,6.1313691,0.82347405,0.61278838,34,186
85ab,1702060923619656,0.9899621,6.2884808,0.36413491,12,191
da02,1702060924119640,6.1236076,0.82147092,0.61768728,34,196
85ab,1702060924619664,0.97168362,6.2843771,0.35794783,12,201
da02,1702060925119646,6.1303725,0.82332319,0.61999685,33,206
85ab,1702060925619672,0.97349,6.2833843,0.36602706,13,211
da02,1702060926118884,6.1272182,0.83940846,0.59486252,29,216
85ab,1702060926618821,0.9662472,6.2778873,0.36184135,12,221
da02,1702060927120049,6.1290894,0.8393243,0.63576555,37,226
85ab,1702060927619682,0.96043867,6.2945251,0.35332522,11,231
da02,1702060928119657,6.1423573,0.80995983,0.64823985,35,236
85ab,1702060928619649,0.96368152,6.276588,0.36017784,14,241
da02,1702060929119742,6.137784,0.81670165,0.64628804,34,246
85ab,1702060929619655,0.96607149,6.2789612,0.36390576,13,251
da02,1702060930119660,6.1471319,0.82292241,0.65881276,34,256
85ab,1702060930619666,0.96210587,6.2675672,0.36595306,13,261
da02,1702060931119748,6.1441298,0.84303308,0.61256593,27,266
85ab,1702060931618868,0.956582,6.2695279,0.36413842,12,271
da02,1702060932118862,6.1314273,0.83906925,0.61374444,34,276
85ab,1702060932620154,0.95498872,6.2493567,0.37017608,14,281
da02,1702060933119674,6.1190882,0.84705526,0.61060113,33,286
85ab,1702060933619769,0.968851,6.2433949,0.38637683,15,291
da02,1702060934119702,6.1239495,0.83049077,0.63186824,36,296
85ab,1702060934619681,0.97290909,6.24299,0.38190228,13,301
da02,1702060935119860,6.1326804,0.81494087,0.68028772,40,306
85ab,1702060935619693,0.97519922,6.2357063,0.383393,14,311
da02,1702060936119710,6.1417418,0.79427129,0.67580611,35,316
85ab,1702060936619737,0.98517239,6.2396016,0.38636076,14,321
da02,1702060937118818,6.1412182,0.799342,0.66117597,33,326
85ab,1702060937618898,0.96547627,6.2205553,0.39267254,14,331
da02,1702060938120711,6.1415682,0.805613,0.64575136,32,336
85ab,1702060938619692,0.97765028,6.2051454,0.39696476,15,341
da02,1702060939119694,6.1421795,0.79343057,0.66441453,37,346
85ab,1702060939619713,0.9751761,6.2391291,0.37993044,11,351
da02,1702060940119717,6.1398268,0.79288191,0.65656292,34,356
85ab,1702060940619706,0.97398382,6.25045,0.37720048,13,361
da02,1702060941119719,6.1500077,0.80345052,0.64996266,32,366
85ab,1702060941619716,0.98065442,6.2566905,0.37933046,13,371
da02,1702060942119734,6.1520081,0.79897457,0.6657877,36,376
85ab,1702060942618934,0.97417229,6.2329321,0.38058707,14,381
da02,1702060943118890,6.1363673,0.80378258,0.65356249,34,386
85ab,1702060943620224,0.96747017,6.2371025,0.37540415,13,391
da02,1702060944119958,6.1438923,0.80783409,0.65068495,33,396
85ab,1702060944619641,0.97932857,6.24078,0.38438103,14,401
da02,1702060945120094,6.152885,0.80038989,0.65097845,34,406
85ab,1702060945619724,0.96585721,6.2341881,0.3830196,13,411
da02,1702060946119774,6.143167,0.80795932,0.65152234,34,416
85ab,1702060946619693,0.94556582,6.2440763,0.37002745,11,421
da02,1702060947119750,6.1349692,0.80132067,0.65573913,36,426
85ab,1702060947619771,0.96483284,6.2437782,0.37116164,14,431
da02,1702060948118936,6.1422796,0.81093341,0.62916332,30,436
85ab,1702060948618923,0.97233838,6.2554803,0.37422377,13,441
da02,1702060949120698,6.1337581,0.83052081,0.591072,28,446
85ab,1702060949619746,0.97402048,6.2436833,0.38051695,14,451
da02,1702060950119746,6.1460314,0.8124634,0.65308237,40,456
85ab,1702060950619760,0.97462136,6.243206,0.37653494,13,461
da02,1702060951119742,6.1348448,0.83413577,0.66218078,35,466
85ab,1702060951619790,0.97027946,6.2290645,0.38589266,14,471
da02,1702060952119735,6.1386838,0.81983244,0.68409157,38,476
85ab,1702060952619756,0.96488684,6.2372808,0.38115892,13,481
da02,1702060953119797,6.1476011,0.80772388,0.69118983,36,486
85ab,1702060953618967,0.97420663,6.2486463,0.38051376,13,491
da02,1702060954118953,6.1550608,0.80114305,0.70017892,36,496
85ab,1702060954620246,0.97876352,6.2404962,0.37790731,14,501
da02,1702060955119769,6.1569171,0.78636867,0.73627973,41,506
85ab,1702060955619778,0.966866,6.2527246,0.37500748,12,511
da02,1702060956119773,6.1547232,0.799906,0.70424473,32,516
85ab,1702060956619783,0.97200239,6.2608867,0.38342142,13,521
da02,1702060957119779,6.1602278,0.78525364,0.69297212,34,526
85ab,1702060957619804,0.976354,6.2673464,0.376395,13,531
da02,1702060958119774,6.1649365,0.78040862,0.69296992,35,536
85ab,1702060958619808,0.96144462,6.2686553,0.37106994,12,541
da02,1702060959119262,6.1515956,0.7713933,0.67955124,35,546
85ab,1702060959618982,0.96256453,6.2862782,0.36974847,12,551
da02,1702060960121289,6.1510587,0.76958138,0.69094592,37,556
85ab,1702060960619782,0.98440504,6.281745,0.37068182,14,561
da02,1702060961119786,6.1469183,0.79560125,0.66704887,31,566
85ab,1702060961619789,0.98240978,6.2539358,0.37566936,14,571
da02,1702060962119749,6.1361852,0.8016845,0.66629976,35,576
85ab,1702060962619782,0.97720492,6.2616782,0.37700447,13,581
da02,1702060963119794,6.1210589,0.81547171,0.65459532,34,586
85ab,1702060963619885,0.97442204,6.2461081,0.38195717,14,591
da02,1702060964119843,6.1265087,0.81210488,0.64650851,33,596
85ab,1702060964620160,0.972266,6.2548003,0.38654971,13,601
da02,1702060965118992,6.1198411,0.83618706,0.63390166,32,606
85ab,1702060965619880,0.98577553,6.2747526,0.38863525,13,611
da02,1702060966119798,6.1112313,0.71862519,0.56830853,65,616
85ab,1702060966619848,0.9959082,6.2524452,0.40244824,15,621
da02,1702060967119819,6.11427,0.7360999,0.58462065,34,626
85ab,1702060967619664,0.98740745,6.251318,0.392188,13,631
da02,1702060968119739,6.1061659,0.75532609,0.58236468,33,636
85ab,1702060968619827,0.98357815,6.2422271,0.38717592,14,641
da02,1702060969119775,6.1179123,0.7595951,0.59357291,33,646
85ab,1702060969619818,0.98967862,6.2496867,0.38523802,13,651
da02,1702060970120022,6.1256022,0.76987243,0.62557673,36,656
85ab,1702060970619142,0.98311239,6.2578187,0.37523946,12,661
da02,1702060971120776,6.1101456,0.79913855,0.60717344,31,666
85ab,1702060971619828,0.9935438,6.2383571,0.38324025,15,671
da02,1702060972119793,6.1346173,0.7959953,0.62615305,34,676
85ab,1702060972619868,0.97726792,6.2494535,0.373942,12,681
da02,1702060973119852,6.1229973,0.8183741,0.59575754,29,686
85ab,1702060973619814,0.97946674,6.2643676,0.37783718,13,691
da02,1702060974119795,6.13124,0.81719589,0.59435391,32,696
85ab,1702060974619856,0.96773827,6.2804904,0.37463805,12,701
da02,1702060975119002,6.12229,0.83230275,0.58406931,31,706
85ab,1702060975619017,0.97306454,6.2744412,0.38039777,14,711
da02,1702060976119874,6.1297846,0.83434987,0.59733081,33,716
85ab,1702060976620318,0.99780017,6.2644567,0.38527057,15,721
da02,1702060977119797,6.1318479,0.83320767,0.60266054,33,726
85ab,1702060977619809,0.98372769,6.2690282,0.37685263,12,731
da02,1702060978119764,6.1213422,0.85139054,0.58164334,30,736
85ab,1702060978619776,0.96953088,6.2638907,0.37318966,12,741
da02,1702060979119784,6.1295037,0.83287525,0.631236,39,746
85ab,1702060979619920,0.97511542,6.2501278,0.38525075,14,751
da02,1702060980119916,6.1397438,0.82856756,0.64075178,34,756
85ab,1702060980618992,0.96642208,6.2349262,0.3781406,13,761
da02,1702060981119936,6.1478,0.82486284,0.64085585,33,766
85ab,1702060981619937,0.97826523,6.2270117,0.38385323,15,771
da02,1702060982120847,6.1403346,0.80635184,0.64622712,36,776
85ab,1702060982619923,0.97559226,6.2219138,0.38523835,14,781
da02,1702060983119918,6.1563354,0.7971493,0.69742596,40,786
85ab,1702060983619791,0.96958357,6.2233829,0.3852874,13,791
da02,1702060984119910,6.1397223,0.81549853,0.66016132,31,796
85ab,1702060984620070,0.96804106,6.2471313,0.37241486,12,801
da02,1702060985119801,6.1299047,0.82842106,0.624768,30,806
85ab,1702060985619961,0.97446376,6.2335215,0.37684113,14,811
da02,1702060986119968,6.1248007,0.8238709,0.64559835,37,816
85ab,1702060986619011,0.96978909,6.2400446,0.38070688,13,821
da02,1702060987119821,6.1365137,0.82243943,0.62893558,31,826
85ab,1702060987619940,0.97074217,6.2456651,0.37324959,13,831
da02,1702060988119794,6.1309013,0.81241971,0.64137107,36,836
85ab,1702060988620037,0.96347493,6.2424541,0.36806136,13,841
da02,1702060989119949,6.1255183,0.8123579,0.607951,30,846
85ab,1702060989619802,0.96379107,6.2253075,0.3747921,14,851
da02,1702060990119929,6.1318874,0.811064,0.6432212,37,856
85ab,1702060990619938,0.96690291,6.2273264,0.37700349,14,861
da02,1702060991119837,6.1458373,0.80287707,0.65182334,34,866
85ab,1702060991619122,0.9731859,6.2415981,0.37744328,13,871
da02,1702060992119106,6.135138,0.78821456,0.64242411,35,876
85ab,1702060992620353,0.95507067,6.2579427,0.36611879,11,881
da02,1702060993120319,6.1332889,0.79798096,0.61283827,30,886
85ab,1702060993619818,0.96065813,6.2662239,0.37244946,13,891
da02,1702060994119938,6.131186,0.80617118,0.59639722,31,896
85ab,1702060994619832,0.96634161,6.291018,0.36679778,12,901
da02,1702060995119935,6.1636658,0.77509081,0.63173938,36,906
85ab,1702060995619940,0.959511,6.2815042,0.35587388,12,911
da02,1702060996119957,6.1566172,0.78271818,0.62000346,32,916
85ab,1702060996619977,0.96801692,6.278439,0.36168361,13,921
da02,1702060997119082,6.1442771,0.81396633,0.56733531,26,926
85ab,1702060997619125,0.98156148,6.2653594,0.37451684,15,931
da02,1702060998120448,6.1475143,0.80816448,0.59960467,35,936
85ab,1702060998619956,0.98807615,6.25833,0.38686797,14,941
da02,1702060999119990,6.14327,0.79482931,0.62602812,37,946
85ab,1702060999619988,0.98977083,6.2551646,0.38981026,14,951
da02,1702061000119852,6.1412563,0.78465074,0.64967686,37,956
85ab,1702061000619967,0.98361146,6.2579865,0.37480584,12,961
da02,1702061001119973,6.1486578,0.76342052,0.68030441,39,966
85ab,1702061001619987,0.97643864,6.2639055,0.36254069,12,971
da02,1702061002120002,6.1462493,0.77381659,0.62883252,28,976
85ab,1702061002619179,0.97171968,6.2644019,0.36026093,13,981
da02,1702061003119073,6.1432214,0.79004264,0.62809557,33,986
85ab,1702061003620519,0.97862852,6.261826,0.36558,14,991
da02,1702061004121181,6.1420579,0.78002959,0.65834689,38,996
85ab,1702061004619845,0.98601991,6.2721462,0.36249283,13,1001
da02,1702061005119978,6.1483,0.80093986,0.64758122,31,1006
85ab,1702061005620010,0.9821167,6.2517381,0.37239254,14,1011
da02,1702061006119854,6.1367426,0.80838174,0.64338535,34,1016
85ab,1702061006619992,0.97956431,6.2685232,0.36762813,12,1021
da02,1702061007120004,6.1508269,0.80925888,0.631785,31,1026
85ab,1702061007619961,0.986344,6.2595978,0.37109804,14,1031
da02,1702061008119210,6.1502128,0.81799263,0.60714775,30,1036
85ab,1702061008619154,1.0027815,6.2505207,0.3680383,14,1041
da02,1702061009119903,6.138742,0.82609272,0.61306906,34,1046
85ab,1702061009620098,0.99252033,6.2567434,0.36806437,13,1051
da02,1702061010119940,6.1416659,0.829032,0.609444,32,1056
85ab,1702061010619912,0.98119324,6.2595797,0.3684445,13,1061
da02,1702061011119940,6.1387558,0.82616854,0.64026076,37,1066
85ab,1702061011619968,0.98432791,6.2473092,0.37222052,14,1071
da02,1702061012120018,6.1536975,0.81006521,0.65691733,35,1076
85ab,1702061012619943,0.9742744,6.2658467,0.37357083,12,1081
da02,1702061013119932,6.1285639,0.83784121,0.63028848,31,1086
85ab,1702061013619215,0.97226709,6.2613688,0.37100813,13,1091
da02,1702061014119116,6.1364813,0.83516926,0.63697618,34,1096
85ab,1702061014620430,0.96675259,6.2499089,0.37287164,13,1101
da02,1702061015120516,6.1434169,0.84319341,0.65389973,34,1106
85ab,1702061015619958,0.95939362,6.2434025,0.36809719,13,1111
da02,1702061016119956,6.1420727,0.8374365,0.6247595,30,1116
85ab,1702061016620002,0.96044862,6.2228065,0.36912653,14,1121
da02,1702061017119955,6.1379032,0.84245425,0.62409747,33,1126
85ab,1702061017619926,0.96834517,6.2359576,0.37228251,13,1131
da02,1702061018120027,6.1458526,0.82261842,0.64144713,35,1136
85ab,1702061018619981,0.97177625,6.2438602,0.37148282,13,1141
da02,1702061019119162,6.1365018,0.83608967,0.62930375,32,1146
85ab,1702061019619180,0.96672153,6.2387271,0.37537003,13,1151
da02,1702061020120453,6.1078758,0.84614795,0.588508,30,1156
85ab,1702061020619982,0.97093493,6.2613277,0.3677046,12,1161
da02,1702061021120015,6.1194363,0.82875651,0.61961442,36,1166
85ab,1702061021619974,0.971138,6.2544756,0.37518978,14,1171
da02,1702061022119988,6.1278205,0.82026941,0.61575943,32,1176
85ab,1702061022620044,0.96875107,6.2620831,0.37664476,13,1181
da02,1702061023119980,6.1437125,0.80996013,0.64684254,36,1186
85ab,1702061023619996,0.9677074,6.2692094,0.37492391,12,1191
da02,1702061024120057,6.1371865,0.81290728,0.63846606,33,1196
85ab,1702061024619478,0.96149653,6.2711768,0.37236962,12,1201
da02,1702061025119241,6.1214762,0.82059813,0.61639839,32,1206
85ab,1702061025620029,0.9557507,6.2514281,0.37746421,14,1211
da02,1702061026120596,6.1497393,0.79125816,0.65129012,37,1216
85ab,1702061026620058,0.96384025,6.241467,0.37553126,14,1221
da02,1702061027120052,6.1600142,0.79604226,0.65572441,33,1226
85ab,1702061027620065,0.95645589,6.2201443,0.37875792,14,1231
da02,1702061028119979,6.1560059,0.79195297,0.68265581,38,1236
85ab,1702061028619984,0.95928031,6.2177324,0.37702346,14,1241
da02,1702061029119991,6.153398,0.79356825,0.65373385,31,1246
85ab,1702061029619976,0.95232242,6.2085624,0.3758339,13,1251
da02,1702061030120179,6.1530681,0.7995522,0.61990547,29,1256
85ab,1702061030619267,0.95900851,6.230907,0.37399656,13,1261
da02,1702061031120586,6.1585846,0.80557042,0.6288541,33,1266
85ab,1702061031619970,0.97481114,6.22219,0.39064193,15,1271
da02,1702061032120114,6.1592069,0.81187451,0.64103252,34,1276
85ab,1702061032620109,0.97841209,6.2339535,0.3872667,13,1281
da02,1702061033120036,6.1647525,0.80293047,0.63678157,33,1286
85ab,1702061033620524,0.97207272,6.2286515,0.38697952,14,1291
da02,1702061034120117,6.1566281,0.8054409,0.60306507,29,1296
85ab,1702061034620008,1.0092201,6.2188187,0.40104446,56,1301
da02,1702061035119282,6.1490088,0.8073597,0.63586742,37,1306
85ab,1702061035620156,1.0103638,6.2171583,0.40021068,14,1311
da02,1702061036120193,6.1496463,0.80356228,0.63443691,33,1316
85ab,1702061036620127,0.9939025,6.2315907,0.38635871,12,1321
da02,1702061037120687,6.1546783,0.81662959,0.6153487,30,1326
85ab,1702061037620020,0.98080444,6.2153654,0.38799754,14,1331
da02,1702061038120118,6.1508451,0.80748564,0.64012945,37,1336
85ab,1702061038620246,0.99250859,6.2302065,0.39745489,14,1341
da02,1702061039120126,6.1600471,0.80232781,0.634281,32,1346
85ab,1702061039620165,0.98122239,6.2542224,0.38185948,11,1351
da02,1702061040120170,6.1612544,0.79146457,0.62867713,33,1356
85ab,1702061040619263,0.98467618,6.1781812,0.41369665,66,1361
da02,1702061041119280,6.1510792,0.82359266,0.59956008,28,1366
85ab,1702061041620124,0.980876,6.2002487,0.39319378,12,1371
da02,1702061042120068,6.1688261,0.81708556,0.62510383,34,1376
85ab,1702061042620242,0.97292018,6.2255416,0.37546107,12,1381
da02,1702061043120122,6.1661868,0.82004017,0.61587089,31,1386
85ab,1702061043620132,0.97195917,6.2338023,0.37317303,13,1391
da02,1702061044120087,6.1494312,0.81575185,0.62221742,35,1396
85ab,1702061044620082,0.97119689,6.2434978,0.37428728,13,1401
da02,1702061045120130,6.1442156,0.82292295,0.60388076,31,1406
85ab,1702061045620092,0.97142017,6.2531772,0.36797932,12,1411
da02,1702061046119343,6.1562624,0.82158673,0.62223691,34,1416
85ab,1702061046619334,0.96289438,6.2615638,0.35912639,12,1421
da02,1702061047120637,6.1531353,0.81423259,0.62589586,34,1426
85ab,1702061047620310,0.97211921,6.2459946,0.36151424,14,1431
da02,1702061048120724,6.1539369,0.80207419,0.66093093,38,1436
85ab,1702061048620201,0.96989858,6.2206497,0.37394187,15,1
da02,1702061049120204,6.145328,0.80653924,0.6582517,34,6
85ab,1702061049620190,0.9739784,6.224668,0.37991035,14,11
da02,1702061050120195,6.1384807,0.79824555,0.66155505,36,16
85ab,1702061050620199,0.97529554,6.2394753,0.37419298,13,21
da02,1702061051120208,6.1296687,0.80239058,0.62622589,31,26
85ab,1702061051619354,0.98244172,6.2497392,0.37027985,13,31
da02,1702061052119342,6.1567245,0.78223324,0.654901,36,36
85ab,1702061052620692,0.97865152,6.2436819,0.38143411,14,41
da02,1702061053120214,6.1319308,0.7990877,0.6199798,31,46
85ab,1702061053620193,0.96790278,6.2970715,0.36230317,14,51
da02,1702061054120210,6.1239009,0.80430216,0.62367266,34,56
85ab,1702061054620338,0.97393572,6.2984176,0.36495215,13,61
da02,1702061055120351,6.1337748,0.79814786,0.65416628,37,66
85ab,1702061055620216,0.97347438,6.2753234,0.36755747,14,71
da02,1702061056120252,6.1278148,0.81494159,0.61970264,30,76
85ab,1702061056620424,0.9827559,6.2672076,0.37877432,14,81
da02,1702061057119331,6.1141281,0.815547,0.58381629,30,86
85ab,1702061057619391,0.96986026,6.2548409,0.38181689,13,91
da02,1702061058120752,6.1006994,0.83098006,0.57224935,31,96
85ab,1702061058620230,0.97681385,6.2484946,0.3891485,14,101
da02,1702061059120792,6.1222215,0.80805314,0.60617834,36,106
85ab,1702061059620270,0.9766292,6.2730136,0.38254628,12,111
da02,1702061060120265,6.130084,0.79504395,0.65076244,39,116
85ab,1702061060620272,0.98063892,6.2575016,0.37585002,14,121
da02,1702061061120277,6.1315,0.7852872,0.63731235,33,126
85ab,1702061061620296,0.97764069,6.268259,0.3820112,13,131
da02,1702061062120299,6.1385961,0.78901291,0.6233179,31,136
85ab,1702061062619436,0.976583,6.2703352,0.37706086,13,141
da02,1702061063120310,6.1565666,0.78315228,0.62595779,32,146
85ab,1702061063620789,0.98157305,6.2535686,0.3810299,14,151
da02,1702061064120501,6.1518769,0.76939172,0.64971006,38,156
85ab,1702061064620239,0.98158324,6.260808,0.38885862,13,161
da02,1702061065120693,6.1520481,0.77833706,0.66729325,36,166
85ab,1702061065620283,0.97916424,6.2506032,0.38826239,14,171
da02,1702061066120291,6.1526241,0.7954486,0.65025008,32,176
85ab,1702061066620314,0.98933446,6.2393112,0.38649231,14,181
da02,1702061067120299,6.1481438,0.80857366,0.67835236,37,186
85ab,1702061067620332,0.98168719,6.2435565,0.38587195,13,191
da02,1702061068119458,6.1592083,0.80523944,0.67569155,34,196
85ab,1702061068619441,0.97674167,6.2491403,0.37823385,13,201
da02,1702061069120801,6.1548033,0.81718808,0.68300068,35,206
85ab,1702061069620308,0.97019863,6.2359867,0.37196928,13,211
da02,1702061070120821,6.1571636,0.8186447,0.69162589,36,216
85ab,1702061070620300,0.98223108,6.2523456,0.36724338,13,221
da02,1702061071120327,6.1432643,0.82040626,0.64862454,30,226
85ab,1702061071620315,0.9749369,6.258112,0.36651659,12,231
da02,1702061072120330,6.1377697,0.79786897,0.6774044,39,236
85ab,1702061072620328,0.98455572,6.2369227,0.38618702,15,241
da02,1702061073120347,6.1184306,0.80987453,0.639092,31,246
85ab,1702061073619484,0.99660641,6.2261343,0.38419753,15,251
da02,1702061074119456,6.128902,0.80542207,0.66444957,37,256
85ab,1702061074620812,0.99696773,6.2480617,0.37579498,12,261
da02,1702061075120325,6.1296945,0.80098563,0.65963352,34,266
85ab,1702061075620336,0.99367094,6.2378278,0.37419426,14,271
da02,1702061076120329,6.131464,0.79832512,0.632706,31,276
85ab,1702061076620434,0.98243046,6.261909,0.36660996,11,281
da02,1702061077120338,6.1235571,0.81472468,0.61852878,32,286
85ab,1702061077620354,0.97692275,6.2498956,0.36949569,14,291
da02,1702061078120352,6.1143641,0.81516987,0.61197376,33,296
85ab,1702061078620364,0.97712737,6.2331042,0.37648818,14,301
da02,1702061079120537,6.1265497,0.8082782,0.60556817,32,306
85ab,1702061079619469,0.98952138,6.2514462,0.37525043,13,311
da02,1702061080120846,6.1253066,0.81929612,0.59069151,30,316
85ab,1702061080620358,0.98624706,6.261394,0.36845043,12,321
da02,1702061081120788,6.1221547,0.82333982,0.57480443,30,326
85ab,1702061081620297,0.981877,6.2755833,0.37105086,12,331
da02,1702061082120288,6.1357932,0.81749982,0.61011744,36,336
85ab,1702061082620308,0.98743612,6.2857265,0.3610917,12,341
da02,1702061083120284,6.1297793,0.821462,0.62333232,35,346
85ab,1702061083620316,0.98276883,6.2893157,0.36697108,13,351
da02,1702061084120540,6.1232839,0.82523304,0.59644711,30,356
85ab,1702061084619794,0.97462887,6.2921829,0.36261076,12,361
da02,1702061085119463,6.1153407,0.82589638,0.569968,30,366
85ab,1702061085620770,0.98081034,6.2804203,0.36811844,14,371
da02,1702061086120311,6.1182585,0.8277669,0.58164614,33,376
85ab,1702061086620313,0.98178869,6.292419,0.36912271,12,381
da02,1702061087120311,6.1322341,0.84471875,0.59544683,32,386
85ab,1702061087620294,0.98012036,6.2811561,0.36467052,13,391
da02,1702061088120339,6.1283321,0.8459267,0.59822863,33,396
85ab,1702061088620310,0.97594368,6.2859349,0.35836467,12,401
da02,1702061089120324,6.1234446,0.83809257,0.61799943,36,406
85ab,1702061089620381,0.96813238,6.2864175,0.3499499,12,411
da02,1702061090119716,6.1249061,0.83512676,0.61478621,33,416
85ab,1702061090619488,0.9571569,6.2831144,0.34532854,12,421
da02,1702061091120859,6.1241817,0.84069991,0.633895,35,426
85ab,1702061091620314,0.95692694,6.2690029,0.34789178,13,431
da02,1702061092121017,6.1353626,0.81593668,0.65005767,36,436
85ab,1702061092620239,0.97114384,6.2851691,0.3501817,12,441
da02,1702061093120345,6.1458821,0.79719943,0.6651302,36,446
85ab,1702061093620343,0.95360941,6.2545543,0.35021254,13,451
da02,1702061094120338,6.1366234,0.80917007,0.6516943,33,456
85ab,1702061094620378,0.95247018,6.2696671,0.34217155,11,461
da02,1702061095119508,6.1299343,0.827779,0.63116527,31,466
85ab,1702061095619432,0.94680339,6.242548,0.35683349,14,471
da02,1702061096120925,6.1309824,0.8168605,0.60493237,30,476
85ab,1702061096620432,0.94845331,6.245997,0.35231832,12,481
da02,1702061097120397,6.1430087,0.81636029,0.62397033,34,486
85ab,1702061097620362,0.95461375,6.2583914,0.36124244,13,491
da02,1702061098120341,6.1377463,0.81685936,0.64806461,37,496
85ab,1702061098620361,0.97440833,6.233942,0.37442523,16,501
da02,1702061099120240,6.1487222,0.78334373,0.67829245,39,506
85ab,1702061099620331,0.96698087,6.2317014,0.36727369,13,511
da02,1702061100120458,6.1442051,0.78153241,0.67567807,35,516
85ab,1702061100619546,0.97226286,6.2311387,0.36629376,14,521
da02,1702061101120866,6.1228371,0.79602921,0.63911706,31,526
85ab,1702061101620394,0.97071546,6.2433319,0.36686254,13,531
da02,1702061102120371,6.1318007,0.78772724,0.66834152,38,536
85ab,1702061102620357,0.96630025,6.2513514,0.36623096,12,541
da02,1702061103120940,6.1269369,0.79650235,0.64285308,32,546
85ab,1702061103620363,0.97019893,6.2600341,0.36941886,13,551
da02,1702061104120379,6.1368418,0.79022628,0.66199285,36,556
85ab,1702061104620436,0.96126628,6.2662859,0.35871413,12,561
da02,1702061105120399,6.1245346,0.81534076,0.62654018,30,566
85ab,1702061105620391,0.96754843,6.2632389,0.3629384,13,571
da02,1702061106119591,6.1360145,0.80547607,0.64936376,36,576
85ab,1702061106619952,0.96355069,6.25661,0.36777088,13,581
da02,1702061107120322,6.1422892,0.78047854,0.65984994,36,586
85ab,1702061107620428,0.96089149,6.2591891,0.37162411,13,591
da02,1702061108120388,6.1652455,0.75920796,0.70451605,40,596
85ab,1702061108620391,0.95417827,6.2716694,0.37034988,12,601
da02,1702061109120531,6.1814842,0.76443005,0.73467648,38,606
85ab,1702061109620385,0.954575,6.2552648,0.38062069,14,611
da02,1702061110120441,6.1613827,0.77675164,0.70220011,33,616
85ab,1702061110620457,0.95382059,6.2607183,0.37758505,12,621
da02,1702061111120432,6.1718178,0.76947474,0.70580393,36,626
85ab,1702061111619944,0.96076894,6.2572055,0.38936806,14,631
da02,1702061112119602,6.1729836,0.80034053,0.68613523,31,636
85ab,1702061112620404,0.95092005,6.2754803,0.36880749,11,641
da02,1702061113120448,6.1776195,0.79603517,0.69182432,35,646
85ab,1702061113620451,0.95040745,6.2809682,0.36145037,12,651
da02,1702061114120960,6.1621194,0.80982387,0.68573773,35,656
85ab,1702061114620458,0.95441532,6.2680888,0.35951039,13,661
da02,1702061115120453,6.1551814,0.81034046,0.6760056,34,666
85ab,1702061115620474,0.95516068,6.2880125,0.35551736,11,671
da02,1702061116120468,6.1715631,0.7785756,0.68074763,35,676
85ab,1702061116620983,0.95822442,6.2812037,0.36322111,13,681
da02,1702061117119564,6.1579776,0.77611208,0.6699205,35,686
85ab,1702061117619584,0.95764327,6.2937236,0.36070117,12,691
da02,1702061118120476,6.1575651,0.78663903,0.66657639,34,696
85ab,1702061118620453,0.95649606,6.2790565,0.36505866,13,701
da02,1702061119120474,6.1623306,0.79988307,0.65878892,32,706
85ab,1702061119620494,0.96064579,6.2786846,0.3722851,13,711
da02,1702061120120468,6.1603918,0.80041337,0.64715111,33,716
85ab,1702061120620490,1.0150639,6.2659612,0.40422159,56,721
da02,1702061121120483,6.1481738,0.80957675,0.62399209,31,726
85ab,1702061121620414,1.0028162,6.2784762,0.39241076,12,731
da02,1702061122120958,6.1467409,0.79580426,0.65484631,38,736
85ab,1702061122619644,1.0072867,6.2848883,0.39207163,13,741
da02,1702061123119588,6.145081,0.78486866,0.66338348,36,746
85ab,1702061123620446,0.99745393,6.2616854,0.3846584,14,751
da02,1702061124120649,6.150104,0.8017022,0.64081496,30,756
85ab,1702061124620404,0.98451984,6.2670751,0.38080573,12,761
da02,1702061125120948,6.1462126,0.80650735,0.65147978,35,766
85ab,1702061125620449,1.007183,6.2392287,0.40235484,17,771
da02,1702061126120442,6.1228957,0.83946866,0.60211533,28,776
85ab,1702061126620430,0.98200804,6.2649283,0.38535053,11,781
da02,1702061127120952,6.1314774,0.83517003,0.63745475,37,786
85ab,1702061127620479,0.97225934,6.2712169,0.37514776,12,791
da02,1702061128119662,6.1140027,0.85876411,0.623088,32,796
85ab,1702061128619633,0.972547,6.2568765,0.37734902,14,801
da02,1702061129120461,6.1300564,0.84010541,0.62159508,32,806
85ab,1702061129620476,0.96441281,6.25814,0.37381127,12,811
da02,1702061130120463,6.143579,0.83102751,0.60373908,30,816
85ab,1702061130620462,0.95939988,6.256845,0.37238958,13,821
da02,1702061131120469,6.1361141,0.81520391,0.60146505,33,826
85ab,1702061131620482,0.97584939,6.2550373,0.37808996,14,831
da02,1702061132120464,6.1450582,0.81508183,0.64448583,37,836
85ab,1702061132620950,0.97674936,6.2486405,0.37343284,13,841
da02,1702061133120491,6.145484,0.80844241,0.63670349,33,846
85ab,1702061133619924,0.97150326,6.2379932,0.38293293,14,851
da02,1702061134119591,6.1421309,0.80997932,0.6416623,34,856
85ab,1702061134620398,0.96291655,6.2234879,0.38368449,14,861
da02,1702061135120518,6.1343279,0.82477921,0.62670189,32,866
85ab,1702061135620482,0.97880363,6.204453,0.38909781,16,871
da02,1702061136121094,6.1409869,0.82593769,0.58511436,27,876
85ab,1702061136620395,0.97338593,6.221313,0.39169237,13,881
da02,1702061137120485,6.1378245,0.83504456,0.57019728,30,886
85ab,1702061137620504,0.96474648,6.2372451,0.3758786,12,891
da02,1702061138120914,6.1531191,0.8166827,0.61735445,37,896
85ab,1702061138620522,0.95781457,6.2589045,0.37005347,12,901
da02,1702061139120680,6.1395073,0.83418775,0.58229113,28,906
85ab,1702061139619632,0.96133769,6.2637382,0.36912769,13,911
da02,1702061140122151,6.129169,0.84860677,0.55985779,29,916
85ab,1702061140620514,0.96868277,6.2512674,0.37479934,14,921
da02,1702061141120444,6.141398,0.8335861,0.5666554,31,926
85ab,1702061141620504,0.97306657,6.273541,0.37205556,12,931
da02,1702061142120511,6.1377172,0.83114821,0.55111033,29,936
85ab,1702061142620446,0.9760229,6.2871413,0.36812371,12,941
da02,1702061143120518,6.1451268,0.82043451,0.59150946,36,946
85ab,1702061143621018,0.97136641,6.2830849,0.36802575,13,951
da02,1702061144120496,6.1497092,0.81798464,0.62511784,36,956
85ab,1702061144620818,0.961387,6.2765403,0.36232653,12,961
da02,1702061145119710,6.1301656,0.84412467,0.60918421,31,966
85ab,1702061145620452,0.97669876,6.2793717,0.36160165,13,971
da02,1702061146120462,6.1276121,0.8486954,0.5708847,28,976
85ab,1702061146620514,0.97116268,6.2745938,0.36237958,13,981
da02,1702061147120992,6.1317048,0.82583779,0.61662155,38,986
85ab,1702061147620442,0.98687708,6.2715769,0.36644262,14,991
da02,1702061148120542,6.1319947,0.833791,0.6082617,31,996
85ab,1702061148620514,0.97984409,6.24219,0.38029924,15,1001
da02,1702061149120712,6.1308661,0.81123006,0.61732364,35,1006
85ab,1702061149620549,0.98214394,6.2378902,0.38741148,14,1011
da02,1702061150120922,6.1348844,0.80333078,0.62348139,34,1016
85ab,1702061150619738,0.9668501,6.2534385,0.38152161,12,1021
da02,1702061151120548,6.128757,0.79221678,0.63240868,36,1026
85ab,1702061151620526,0.9695729,6.2502427,0.38023016,13,1031
da02,1702061152120610,6.1335421,0.78563094,0.6544652,37,1036
85ab,1702061152620594,0.98406887,6.2418408,0.38119361,14,1041
da02,1702061153120498,6.1251721,0.80185807,0.64129227,33,1046
85ab,1702061153620493,0.97479564,6.2230606,0.39561784,15,1051
da02,1702061154120579,6.115654,0.81652236,0.62245214,32,1056
85ab,1702061154620488,0.99527812,6.2292795,0.39810878,15,1061
da02,1702061155119760,6.1114464,0.81199527,0.61857015,34,1066
85ab,1702061155620616,1.0019609,6.2263947,0.40668917,15,1071
da02,1702061156120454,6.116312,0.81286186,0.61535341,33,1076
85ab,1702061156620476,0.99811935,6.2331815,0.39494625,13,1081
da02,1702061157120629,6.116539,0.82422322,0.63049805,35,1086
85ab,1702061157620484,0.98977441,6.2406549,0.38692755,13,1091
da02,1702061158121079,6.1181836,0.83765525,0.632854,33,1096
85ab,1702061158620618,0.97338837,6.2589526,0.36983585,11,1101
da02,1702061159120579,6.11657,0.82741022,0.61692339,32,1106
85ab,1702061159620614,0.96718419,6.2486496,0.37700981,14,1111
da02,1702061160120620,6.1321282,0.81858337,0.60648549,31,1116
85ab,1702061160619790,0.97015482,6.2542157,0.37709928,13,1121
da02,1702061161119797,6.135673,0.81249982,0.62847245,36,1126
85ab,1702061161620560,0.97417063,6.2476091,0.38307571,14,1131
da02,1702061162120707,6.135921,0.82395172,0.63601774,34,1136
85ab,1702061162620560,0.96594083,6.2566371,0.38310105,12,1141
da02,1702061163120576,6.1416025,0.82742459,0.64115721,33,1146
85ab,1702061163620551,0.96747816,6.2506833,0.37877122,13,1151
da02,1702061164120601,6.1393218,0.83055735,0.61680007,30,1156
85ab,1702061164620626,0.9725374,6.2367511,0.38615873,14,1161
da02,1702061165120712,6.1311831,0.83393383,0.62899065,35,1166
85ab,1702061165620597,0.97666389,6.2382784,0.39021042,14,1171
da02,1702061166119737,6.1438913,0.82707334,0.6195206,31,1176
85ab,1702061166619781,0.968294,6.243217,0.37744898,12,1181
da02,1702061167120512,6.1268954,0.84835052,0.57374543,27,1186
85ab,1702061167620542,0.97108281,6.2509971,0.36913297,13,1191
da02,1702061168120681,6.1185622,0.85039043,0.54270071,28,1196
85ab,1702061168620540,0.97642064,6.2245059,0.37608698,15,1201
da02,1702061169121122,6.1193676,0.85881275,0.57464707,34,1206
85ab,1702061169620663,0.97994989,6.2286777,0.38161987,14,1211
da02,1702061170120598,6.1441145,0.84559107,0.59196907,32,1216
85ab,1702061170620574,0.98911113,6.221633,0.38842046,15,1221
da02,1702061171120742,6.1219268,0.84501165,0.57420605,31,1226
85ab,1702061171619757,0.97213739,6.25902,0.3690576,10,1231
da02,1702061172119742,6.1254358,0.84187603,0.59587854,34,1236
85ab,1702061172620564,0.97170484,6.2778029,0.36512193,12,1241
da02,1702061173120626,6.1271615,0.82616967,0.62369049,37,1246
85ab,1702061173620555,0.974296,6.261816,0.37080774,14,1251
da02,1702061174120633,6.1201997,0.85230953,0.59985006,29,1256
85ab,1702061174620550,0.9722833,6.2639589,0.36703748,13,1261
da02,1702061175120628,6.1121945,0.85409588,0.59592211,32,1266
85ab,1702061175620568,0.97472984,6.2738767,0.36460391,12,1271
da02,1702061176120640,6.1110516,0.85543567,0.58878529,31,1276
85ab,1702061176620577,0.97482622,6.2717414,0.35976425,13,1281
da02,1702061177119796,6.1212306,0.85086131,0.62037271,36,1286
85ab,1702061177619823,0.97739059,6.2754869,0.35816589,13,1291
da02,1702061178120740,6.1214247,0.83237231,0.62931859,35,1296
85ab,1702061178620661,0.9875167,6.2720981,0.36821112,14,1301
da02,1702061179120698,6.148592,0.83139205,0.64100438,32,1306
85ab,1702061179620731,0.97312331,6.2597675,0.36659572,13,1311
da02,1702061180121221,6.1381359,0.84012562,0.6496765,35,1316
85ab,1702061180620688,0.97752196,6.2617178,0.36819649,13,1321
da02,1702061181120749,6.14983,0.81895155,0.68114144,38,1326
85ab,1702061181621161,0.97507983,6.2578521,0.36594459,13,1331
da02,1702061182120786,6.1491508,0.81258774,0.6891616,36,1336
85ab,1702061182619892,0.98578364,6.256629,0.37481973,14,1341
da02,1702061183119857,6.1524634,0.82223827,0.673532,32,1346
85ab,1702061183620740,0.97437894,6.2566986,0.36834764,12,1351
da02,1702061184121052,6.1400237,0.82749605,0.6607846,33,1356
85ab,1702061184620666,0.96507329,6.2519879,0.3674812,13,1361
da02,1702061185120740,6.1410213,0.80759221,0.67476481,37,1366
85ab,1702061185620765,0.96380156,6.2495403,0.37972155,14,1371
da02,1702061186120751,6.1556277,0.80363387,0.67436922,34,1376
85ab,1702061186621250,0.95760596,6.2470303,0.366707,12,1381
da02,1702061187120762,6.1483674,0.80457783,0.66871053,34,1386
85ab,1702061187620770,0.94968551,6.2485132,0.35443664,12,1391
da02,1702061188119944,6.1499877,0.810691,0.67374533,35,1396
85ab,1702061188619912,0.9403246,6.2456951,0.3611488,13,1401
da02,1702061189120756,6.1314936,0.81510174,0.64252043,32,1406
85ab,1702061189620758,0.94761235,6.2452674,0.35567191,13,1411
da02,1702061190120775,6.15435,0.79700285,0.64826512,33,1416
85ab,1702061190620772,0.94135386,6.2393656,0.35919067,13,1421
da02,1702061191121308,6.1482062,0.79647344,0.65038639,35,1426
85ab,1702061191620774,0.95223838,6.2389879,0.36588752,14,1431
da02,1702061192121247,6.1584654,0.799331,0.66163754,34,1436
85ab,1702061192620813,0.96115392,6.2222881,0.37458542,15,1
da02,1702061193120806,6.159843,0.789071,0.71051681,41,6
85ab,1702061193619951,0.96030325,6.1930757,0.38027096,15,11
da02,1702061194119970,6.1434641,0.814834,0.66815531,30,16
85ab,1702061194620798,0.96216583,6.2266688,0.3684324,12,21
da02,1702061195120800,6.1640983,0.81163216,0.67619455,34,26
85ab,1702061195620770,0.96789527,6.2326865,0.36767018,13,31
da02,1702061196120798,6.1626954,0.81706125,0.66268891,32,36
85ab,1702061196620800,0.97613657,6.2500029,0.36599776,13,41
da02,1702061197121290,6.1568661,0.81868476,0.64425129,32,46
85ab,1702061197620810,0.95762986,6.2459822,0.36638391,12,51
da02,1702061198120800,6.1559687,0.81074321,0.67437333,38,56
85ab,1702061198620858,0.96224123,6.2508025,0.37196153,13,61
da02,1702061199120100,6.1601763,0.7272566,0.64283204,65,66
85ab,1702061199619958,0.95014226,6.2625871,0.36406344,11,71
da02,1702061200120806,6.1652346,0.76757008,0.63756734,31,76
85ab,1702061200620816,0.95671272,6.2822104,0.35620391,12,81
da02,1702061201120809,6.1547728,0.78513092,0.6418221,34,86
85ab,1702061201620830,0.94964463,6.2947779,0.34977204,11,91
da02,1702061202121345,6.1405334,0.79206264,0.62991953,33,96
85ab,1702061202621266,0.96224517,6.2909293,0.34356356,13,101
da02,1702061203120849,6.1513319,0.79748416,0.63023984,32,106
85ab,1702061203620824,0.97255397,6.3010178,0.35128853,13,111
da02,1702061204120850,6.1493869,0.79613876,0.6238414,33,116
85ab,1702061204620128,0.9648338,6.3030925,0.34528324,12,121
da02,1702061205119977,6.1403747,0.79266405,0.62947088,35,126
85ab,1702061205620824,0.97238469,6.2953358,0.35232764,13,131
da02,1702061206120848,6.1496487,0.79861158,0.63313222,33,136
85ab,1702061206620836,0.97809929,6.2882576,0.35401511,13,141
da02,1702061207120840,6.1440554,0.79945976,0.63378763,34,146
85ab,1702061207621190,0.99700373,6.2846279,0.36704877,14,151
da02,1702061208120817,6.1495695,0.815748,0.62460524,31,156
85ab,1702061208620902,1.0020169,6.2834635,0.36244291,13,161
da02,1702061209120875,6.1571426,0.81528383,0.63519037,34,166
85ab,1702061209620850,0.99378169,6.2772436,0.3634094,13,171
da02,1702061210120154,6.149673,0.82724351,0.59215546,28,176
85ab,1702061210620002,0.98868871,6.2558346,0.37059629,14,181
da02,1702061211120853,6.1574082,0.817074,0.62082279,35,186
85ab,1702061211620864,0.9797802,6.2584815,0.36978149,13,191
da02,1702061212120849,6.1458149,0.83889264,0.60358948,30,196
85ab,1702061212621355,0.97823548,6.2753019,0.3600044,12,201
da02,1702061213121366,6.1556935,0.81994718,0.62266403,35,206
85ab,1702061213620896,0.9827646,6.2618914,0.37061778,14,211
da02,1702061214120865,6.1617379,0.8087123,0.675958,40,216
85ab,1702061214620875,0.96478695,6.2471008,0.37356234,13,221
da02,1702061215120025,6.1476293,0.82223731,0.67081988,34,226
85ab,1702061215620442,0.96519995,6.2584209,0.36332548,12,231
da02,1702061216120874,6.1570597,0.81747842,0.66915238,34,236
85ab,1702061216620864,0.96546125,6.2760978,0.35675922,12,241
da02,1702061217122435,6.1567192,0.8142904,0.64054877,31,246
85ab,1702061217621341,0.96453011,6.2748022,0.35997966,13,251
da02,1702061218120915,6.1504531,0.81978375,0.61154717,30,256
85ab,1702061218620892,0.97065842,6.2690549,0.36979231,14,261
da02,1702061219120874,6.1477518,0.81959653,0.61345541,33,266
85ab,1702061219620923,0.97055769,6.2730174,0.37356228,13,271
da02,1702061220120908,6.1498055,0.81249595,0.605333,32,276
85ab,1702061220620043,0.95528704,6.2624097,0.37044421,12,281
da02,1702061221120896,6.1433706,0.80514693,0.60843343,34,286
85ab,1702061221620884,0.95991915,6.2499728,0.36586297,13,291
da02,1702061222120878,6.14032,0.81108016,0.61728084,34,296
85ab,1702061222621365,0.96583313,6.2483435,0.36755016,13,301
da02,1702061223120922,6.1517715,0.79995579,0.62987649,34,306
85ab,1702061223620884,0.95648491,6.2513227,0.36403546,12,311
da02,1702061224121436,6.163631,0.81121254,0.61433959,29,316
85ab,1702061224620901,0.95630497,6.2657695,0.367014,12,321
da02,1702061225120897,6.1627455,0.7972033,0.609572,32,326
85ab,1702061225620996,0.9474709,6.2664733,0.36880741,12,331
da02,1702061226120026,6.1570234,0.79257256,0.61585736,34,336
85ab,1702061226620327,0.94159043,6.2695413,0.36695895,12,341
da02,1702061227120735,6.1420412,0.81663167,0.59135634,30,346
85ab,1702061227620844,0.94378728,6.2817497,0.35726321,12,351
da02,1702061228120767,6.1473079,0.81611228,0.59286147,32,356
85ab,1702061228620766,0.96344131,6.2766619,0.36403972,14,361
da02,1702061229120794,6.145812,0.822939,0.58391267,30,366
85ab,1702061229620758,0.96386433,6.2763615,0.35473883,12,371
da02,1702061230120758,6.1348782,0.82693112,0.57714587,31,376
85ab,1702061230620820,0.95865154,6.2843089,0.35075542,12,381
da02,1702061231120785,6.147471,0.811066,0.61102736,36,386
85ab,1702061231620105,0.9723866,6.2832093,0.3606261,14,391
da02,1702061232120097,6.1498556,0.8225078,0.59572285,30,396
85ab,1702061232620938,0.97513795,6.2801356,0.36530009,13,401
da02,1702061233121483,6.1370831,0.82303852,0.58199573,31,406
85ab,1702061233620946,0.966323,6.2701144,0.37066317,13,411
da02,1702061234120940,6.1682158,0.80449444,0.63237488,36,416
85ab,1702061234620808,0.97059029,6.2580009,0.37712052,14,421
da02,1702061235121478,6.1824889,0.78835136,0.63828933,33,426
85ab,1702061235620941,0.97058815,6.26673,0.3704083,12,431
da02,1702061236120982,6.1850963,0.80449265,0.67347938,36,436
85ab,1702061236620989,0.96841741,6.2676444,0.36626142,13,441
da02,1702061237120080,6.1707797,0.8302061,0.63346273,29,446
85ab,1702061237620112,0.98714685,6.2615972,0.37032065,14,451
da02,1702061238121452,6.1600022,0.82854337,0.62482542,32,456
85ab,1702061238620952,0.97648984,6.2604246,0.36543956,12,461
da02,1702061239121052,6.1350503,0.83955187,0.59118968,30,466
85ab,1702061239620984,0.96816349,6.2631989,0.35775045,12,471
da02,1702061240120962,6.1326361,0.83285826,0.59410006,33,476
85ab,1702061240620997,0.97671485,6.2477961,0.36601391,14,481
da02,1702061241120972,6.1253991,0.83522326,0.60583311,34,486
85ab,1702061241620972,0.9558748,6.2521634,0.36281314,12,491
da02,1702061242121043,6.1437335,0.79669803,0.64424944,38,496
85ab,1702061242620168,0.96017987,6.2517862,0.37290239,13,501
da02,1702061243120147,6.1389179,0.7888568,0.65205961,36,506
85ab,1702061243621490,0.96665066,6.2582316,0.3796429,13,511
da02,1702061244121583,6.1309714,0.80769724,0.62341589,30,516
85ab,1702061244621081,0.95993012,6.2526951,0.38579348,13,521
da02,1702061245121013,6.1332374,0.81032455,0.61088073,31,526
85ab,1702061245621064,0.95780391,6.2555456,0.38655883,13,531
da02,1702061246121601,6.1336036,0.79852116,0.63936663,37,536
85ab,1702061246621058,0.9621318,6.2546229,0.37736487,13,541
da02,1702061247121077,6.1341453,0.81355631,0.61997229,31,546
85ab,1702061247620830,0.95551294,6.2654524,0.37040272,12,551
da02,1702061248120176,6.1279511,0.82444787,0.5965153,30,556
85ab,1702061248620182,0.94216216,6.2586865,0.36929679,12,561
da02,1702061249121488,6.1416845,0.80989659,0.6280036,36,566
85ab,1702061249621016,0.94057369,6.268373,0.36042717,12,571
da02,1702061250121054,6.154737,0.80251312,0.645786,35,576
85ab,1702061250621080,0.95925605,6.2550187,0.368307,14,581
da02,1702061251120890,6.1508393,0.8035261,0.64933974,34,586
85ab,1702061251621043,0.97402412,6.2441597,0.37215078,14,591
da02,1702061252121016,6.1429605,0.81750828,0.62636656,31,596
85ab,1702061252621118,0.96949303,6.2378373,0.37675178,14,601
da02,1702061253121090,6.1444249,0.81968862,0.61690986,32,606
85ab,1702061253620454,0.97221994,6.2190914,0.38962743,15,611
da02,1702061254120198,6.1526961,0.808912,0.6357429,35,616
85ab,1702061254621588,0.97172886,6.2265677,0.39148667,13,621
da02,1702061255121070,6.1412783,0.80829012,0.61645496,32,626
85ab,1702061255621057,0.973232,6.2356944,0.38577825,13,631
da02,1702061256121073,6.1250954,0.829996,0.61493886,33,636
85ab,1702061256621068,0.9685626,6.2384729,0.38166198,13,641
da02,1702061257121601,6.1151719,0.84022945,0.5911901,30,646
85ab,1702061257621039,0.97733921,6.2401381,0.38290593,14,651
da02,1702061258121020,6.1102438,0.84768015,0.60362232,34,656
85ab,1702061258621092,0.97445393,6.2435942,0.38955918,13,661
da02,1702061259121344,6.1150007,0.84262693,0.64055967,37,666
85ab,1702061259620211,0.97065741,6.2644277,0.37054244,11,671
da02,1702061260121557,6.131804,0.85367078,0.66159117,34,676
85ab,1702061260621094,0.95642573,6.2494187,0.37499967,13,681
da02,1702061261121072,6.1333632,0.84754044,0.63144916,30,686
85ab,1702061261621072,0.96204656,6.2549181,0.37957,13,691
da02,1702061262121090,6.142036,0.84690106,0.63812608,33,696
85ab,1702061262621086,0.96738297,6.2388167,0.3866789,14,701
da02,1702061263121100,6.1298571,0.83410668,0.62962425,34,706
85ab,1702061263621086,0.97321665,6.2505059,0.38176513,13,711
da02,1702061264121075,6.1238856,0.8251825,0.60646731,31,716
85ab,1702061264620932,0.98326552,6.2568569,0.388262,14,721
da02,1702061265120236,6.134553,0.81944442,0.62158078,34,726
85ab,1702061265621526,0.96741474,6.2542067,0.37585989,12,731
da02,1702061266121068,6.1330028,0.80027628,0.63193351,36,736
85ab,1702061266621062,0.96887141,6.2678156,0.37384814,12,741
da02,1702061267121073,6.1439371,0.79677671,0.64330322,34,746
85ab,1702061267621060,0.965335,6.2646685,0.36799169,13,751
da02,1702061268121579,6.1502318,0.77647924,0.68418652,40,756
85ab,1702061268621079,0.96631747,6.2585239,0.36514571,13,761
da02,1702061269121101,6.1387625,0.78905338,0.63778371,30,766
85ab,1702061269621130,0.96442437,6.2557263,0.37063617,13,771
da02,1702061270121322,6.1482286,0.78826535,0.63152742,32,776
85ab,1702061270620224,0.95727038,6.267283,0.36107484,12,781
da02,1702061271121578,6.1492386,0.79125392,0.628626,33,786
85ab,1702061271621081,0.96704084,6.2704396,0.36636391,13,791
da02,1702061272121087,6.1514268,0.78976166,0.64154363,35,796
85ab,1702061272621091,0.9794842,6.2797379,0.36371669,13,801
da02,1702061273121105,6.1405296,0.81164682,0.63287759,32,806
85ab,1702061273621103,0.9823432,6.2664704,0.36554337,14,811
da02,1702061274121110,6.1439352,0.82143152,0.59796935,28,816
85ab,1702061274621118,0.98152405,6.2452636,0.37650636,15,821
da02,1702061275120253,6.1385651,0.82798564,0.60847676,34,826
85ab,1702061275621093,0.98090971,6.2618217,0.37342185,12,831
da02,1702061276121585,6.1344671,0.84503889,0.59430969,30,836
85ab,1702061276621109,0.97332466,6.2611537,0.36288479,12,841
da02,1702061277121114,6.1285257,0.832064,0.58305818,32,846
85ab,1702061277621108,0.95928848,6.2692442,0.34738263,11,851
da02,1702061278121126,6.127872,0.81974804,0.62093872,38,856
85ab,1702061278621104,0.98204023,6.2483058,0.35943776,15,861
da02,1702061279121642,6.1297078,0.79996014,0.64448124,37,866
85ab,1702061279621112,0.9751,6.2470703,0.37024814,13,871
da02,1702061280121152,6.1445913,0.78962374,0.65203345,34,876
85ab,1702061280620283,0.97568011,6.2490864,0.37858027,13,881
da02,1702061281120296,6.1577229,0.78966,0.65115076,33,886
85ab,1702061281621597,0.98300439,6.2422295,0.38555539,14,891
da02,1702061282121120,6.1539469,0.79274255,0.6358996,32,896
85ab,1702061282621142,0.98032725,6.2408504,0.37625629,13,901
da02,1702061283121130,6.1604104,0.788097,0.65577358,36,906
85ab,1702061283621159,0.97066373,6.2433224,0.36877304,12,911
da02,1702061284121156,6.1594143,0.78237003,0.67495608,37,916
85ab,1702061284621134,0.97934633,6.248826,0.36630154,13,921
da02,1702061285121141,6.148345,0.77855146,0.67571628,36,926
85ab,1702061285621154,0.98326916,6.2311935,0.37650138,15,931
da02,1702061286120307,6.1646605,0.79898483,0.67800629,33,936
85ab,1702061286620296,0.98188722,6.2369194,0.37530264,13,941
da02,1702061287121556,6.159482,0.80042022,0.64962476,31,946
85ab,1702061287621149,0.9812777,6.2283573,0.37374371,14,951
da02,1702061288121162,6.14976,0.79277426,0.65742147,36,956
85ab,1702061288621146,0.96226668,6.2321315,0.36503115,12,961
da02,1702061289121166,6.1349225,0.80990458,0.63718182,32,966
85ab,1702061289621158,0.96472257,6.2424,0.36177686,13,971
da02,1702061290121701,6.1400108,0.80770165,0.62748355,32,976
85ab,1702061290621160,0.957027,6.249064,0.37023613,13,981
da02,1702061291121163,6.1651278,0.79787093,0.671615,37,986
85ab,1702061291620331,0.95097023,6.2552328,0.36538747,12,991
da02,1702061292120327,6.17173,0.77534008,0.70276654,39,996
85ab,1702061292621654,0.95257688,6.2368355,0.37394461,14,1001
da02,1702061293121170,6.1690784,0.79146534,0.70573527,35,1006
85ab,1702061293621179,0.95340759,6.2615819,0.3683998,12,1011
da02,1702061294122708,6.1776519,0.80046588,0.70062184,33,1016
85ab,1702061294621179,0.96170437,6.29115,0.35646489,11,1021
da02,1702061295121175,6.1505713,0.80253267,0.65565431,31,1026
85ab,1702061295621181,0.96609,6.2781067,0.36040404,13,1031
da02,1702061296121202,6.1428037,0.81692255,0.65875423,34,1036
85ab,1702061296621214,0.97478265,6.2593975,0.36903724,14,1041
da02,1702061297120288,6.1445355,0.8288368,0.61180645,27,1046
85ab,1702061297620317,0.97361851,6.2468877,0.38366875,14,1051
da02,1702061298121665,6.1566997,0.82018995,0.62227714,33,1056
85ab,1702061298621208,0.9656322,6.2568469,0.37135509,12,1061
da02,1702061299121190,6.1478868,0.81302208,0.64396906,37,1066
85ab,1702061299621203,0.97011793,6.2501431,0.3728469,14,1071
da02,1702061300121197,6.1574016,0.81026763,0.62948471,31,1076
85ab,1702061300621213,0.97522289,6.26251,0.37426078,13,1081
da02,1702061301121735,6.1507144,0.81069648,0.64287233,35,1086
85ab,1702061301621210,0.972602,6.267149,0.36991841,12,1091
da02,1702061302121260,6.1460996,0.83253449,0.61659592,29,1096
85ab,1702061302620383,0.96992785,6.2578697,0.3693493,13,1101
da02,1702061303120352,6.1624737,0.82025051,0.67002,39,1106
85ab,1702061303621067,0.96788,6.251049,0.37289783,13,1111
da02,1702061304121064,6.1567569,0.82300758,0.62044883,28,1116
85ab,1702061304621025,0.96246386,6.2329736,0.3691422,14,1121
da02,1702061305121078,6.1604419,0.79882091,0.66591638,40,1126
85ab,1702061305621054,0.96774167,6.2311211,0.37158445,14,1131
da02,1702061306121068,6.1607533,0.8132472,0.6601035,33,1136
85ab,1702061306621057,0.97202927,6.23057,0.37597516,14,1141
da02,1702061307121060,6.1584167,0.83343261,0.61718678,27,1146
85ab,1702061307621321,0.97707784,6.2304354,0.37729594,14,1151
da02,1702061308120332,6.1516895,0.82114953,0.63545042,36,1156
85ab,1702061308620286,0.99497831,6.228919,0.37725711,15,1161
da02,1702061309121104,6.1348481,0.843989,0.61793333,31,1166
85ab,1702061309621102,0.97947305,6.2176418,0.3745631,13,1171
da02,1702061310121069,6.1404004,0.846235,0.62798995,33,1176
85ab,1702061310621089,0.9732061,6.2217112,0.37839723,13,1181
da02,1702061311121096,6.1431174,0.86270577,0.60631508,29,1186
85ab,1702061311621083,0.99546313,6.2288203,0.38356566,15,1191
da02,1702061312121586,6.1475792,0.858047,0.61743414,33,1196
85ab,1702061312621098,0.98924279,6.2437167,0.37560603,12,1201
da02,1702061313121126,6.1259155,0.84937948,0.59169132,31,1206
85ab,1702061313620415,0.99468064,6.2477164,0.375249,14,1211
da02,1702061314120327,6.1180191,0.83988023,0.57054979,30,1216
85ab,1702061314621130,0.98903304,6.2767525,0.36245793,11,1221
da02,1702061315121130,6.1340179,0.81688851,0.56991369,31,1226
85ab,1702061315621124,0.96150392,6.2539368,0.35906634,12,1231
da02,1702061316121134,6.1491423,0.78538889,0.62744206,40,1236
85ab,1702061316621137,0.95976657,6.263392,0.35787544,12,1241
da02,1702061317121127,6.1497464,0.79492563,0.63142884,33,1246
85ab,1702061317621081,0.9589349,6.2406983,0.35820925,14,1251
da02,1702061318121156,6.1412144,0.80676311,0.63943982,35,1256
85ab,1702061318621161,0.97789788,6.2349572,0.36319983,14,1261
da02,1702061319120580,6.1514645,0.80008578,0.64872462,34,1266
85ab,1702061319620349,0.97162247,6.2385902,0.37371492,13,1271
da02,1702061320121140,6.1330929,0.80444038,0.63175273,33,1276
85ab,1702061320621145,0.97065526,6.2393861,0.37047011,13,1281
da02,1702061321121152,6.1376805,0.81799573,0.61100817,30,1286
85ab,1702061321621156,0.96023446,6.2453036,0.35408357,12,1291
da02,1702061322121140,6.1366248,0.80994987,0.612556,33,1296
85ab,1702061322621154,0.97330219,6.2417622,0.36040774,14,1301
da02,1702061323121680,6.15233,0.81313449,0.61488193,32,1306
85ab,1702061323621158,0.97765607,6.2470903,0.36393476,13,1311
da02,1702061324121193,6.1623058,0.80098349,0.64117676,36,1316
85ab,1702061324620671,0.98599064,6.250247,0.36649552,14,1321
da02,1702061325120366,6.1598382,0.8017031,0.61697119,30,1326
85ab,1702061325621174,0.99078661,6.2564068,0.36781707,13,1331
da02,1702061326121234,6.1562157,0.80336154,0.62492561,34,1336
85ab,1702061326621162,0.98973864,6.2680821,0.36172444,12,1341
da02,1702061327121178,6.1380916,0.821841,0.59810305,30,1346
85ab,1702061327621169,0.98686051,6.2332325,0.37497115,15,1351
da02,1702061328121173,6.1413193,0.82034022,0.6284585,36,1356
85ab,1702061328621192,0.97871518,6.2224126,0.38679165,14,1361
da02,1702061329121206,6.1417046,0.82693875,0.6317119,33,1366
85ab,1702061329621186,0.97559768,6.2377834,0.377914,12,1371
da02,1702061330120614,6.1467004,0.82205647,0.62912381,33,1376
85ab,1702061330620384,0.97146606,6.2376618,0.37305343,13,1381
da02,1702061331121187,6.1370783,0.83582193,0.63170624,33,1386
85ab,1702061331621182,0.968625,6.23421,0.38150129,14,1391
da02,1702061332121207,6.1339264,0.80576509,0.63776582,36,1396
85ab,1702061332621204,0.97165757,6.2383423,0.37698519,13,1401
da02,1702061333121206,6.1532259,0.79225105,0.64808023,34,1406
85ab,1702061333621186,0.974637,6.2860413,0.36192125,13,1411
da02,1702061334121704,6.1473103,0.79961878,0.64495569,34,1416
85ab,1702061334621214,0.98325497,6.2745438,0.37598279,14,1421
da02,1702061335120402,6.1562257,0.78555781,0.65383065,35,1426
85ab,1702061335621220,0.98512065,6.263835,0.3783356,14,1431
da02,1702061336121214,6.1352682,0.80652356,0.64406806,34,1436
85ab,1702061336621230,0.96730185,6.2421794,0.37935832,13,1
da02,1702061337121192,6.1497412,0.79791635,0.65225917,34,6
85ab,1702061337621315,0.97132444,6.272985,0.37197942,12,11
da02,1702061338121336,6.1421366,0.81553435,0.62952548,31,16
85ab,1702061338621317,0.96972454,6.2569418,0.37042779,14,21
da02,1702061339121322,6.1484427,0.79966623,0.63840264,35,26
85ab,1702061339621818,0.97540194,6.2658014,0.36385262,13,31
da02,1702061340121369,6.1401663,0.804736,0.63407195,33,36
85ab,1702061340620496,0.96689385,6.2916851,0.35812777,11,41
da02,1702061341121368,6.1393657,0.81148523,0.65372807,36,46
85ab,1702061341621340,0.95687467,6.3069587,0.35481045,11,51
da02,1702061342121304,6.1502671,0.81461442,0.66893721,35,56
85ab,1702061342621298,0.96398038,6.2804637,0.35783178,14,61
da02,1702061343121322,6.1586041,0.8244254,0.65580356,31,66
85ab,1702061343621382,0.97061974,6.2606139,0.37157223,14,71
da02,1702061344121297,6.1418219,0.85225189,0.64927804,33,76
85ab,1702061344621308,0.99151838,6.2375507,0.38790613,16,81
da02,1702061345122330,6.125772,0.86362141,0.62153041,31,86
85ab,1702061345621349,0.99493241,6.2300935,0.3897554,14,91
da02,1702061346120500,6.130137,0.825921,0.64530474,38,96
85ab,1702061346620503,0.98768038,6.2708797,0.37985262,11,101
da02,1702061347121399,6.1231341,0.826794,0.6109463,30,106
85ab,1702061347621327,0.97902387,6.26416,0.37863973,13,111
da02,1702061348121328,6.1298876,0.83628368,0.60275936,31,116
85ab,1702061348621330,0.97978532,6.25493,0.379741,14,121
da02,1702061349121406,6.1277905,0.84492904,0.60994673,33,126
85ab,1702061349621383,0.98224545,6.2425566,0.3766126,14,131
da02,1702061350121353,6.1170611,0.84612578,0.59988993,32,136
85ab,1702061350621850,0.98033,6.2374663,0.38460082,14,141
da02,1702061351121367,6.1294351,0.83750457,0.63414145,36,146
85ab,1702061351620534,0.97167689,6.2658792,0.3754752,11,151
da02,1702061352120520,6.1220288,0.826377,0.63146508,34,156
85ab,1702061352621346,0.96270978,6.2558,0.371081,13,161
da02,1702061353121355,6.121397,0.82252663,0.635192,34,166
85ab,1702061353621478,0.95958459,6.2513137,0.37094229,13,171
da02,1702061354121366,6.1149077,0.84075814,0.6166808,31,176
85ab,1702061354621369,0.97205991,6.2527122,0.37316921,14,181
da02,1702061355121369,6.1323113,0.81935745,0.63509363,35,186
85ab,1702061355621848,0.98792756,6.2559724,0.3805466,14,191
da02,1702061356121890,6.1402893,0.82133746,0.64792031,34,196
85ab,1702061356621390,0.98999143,6.263206,0.38457957,13,201
da02,1702061357120493,6.1305342,0.82150322,0.62658131,32,206
85ab,1702061357620525,1.0182437,6.248641,0.39280775,16,211
da02,1702061358121333,6.1269612,0.83302468,0.61548889,32,216
85ab,1702061358621404,1.0066595,6.2303658,0.39536032,14,221
da02,1702061359121432,6.1182475,0.84175217,0.5963304,31,226
85ab,1702061359621386,0.99759638,6.2348943,0.39180291,13,231
da02,1702061360121395,6.1296864,0.83024651,0.59927779,32,236
85ab,1702061360621861,0.99949092,6.2247639,0.39391679,15,241
da02,1702061361121391,6.133656,0.82379609,0.63597989,37,246
85ab,1702061361621392,0.98241156,6.2130179,0.3968986,14,251
da02,1702061362121400,6.138309,0.82350308,0.63432586,33,256
85ab,1702061362620599,0.987837,6.2456203,0.37842187,12,261
da02,1702061363120584,6.1329117,0.80332023,0.64408469,36,266
85ab,1702061363621424,1.0012143,6.2501268,0.3765361,14,271
da02,1702061364121772,6.1223979,0.83197439,0.60736918,29,276
85ab,1702061364621349,0.99030143,6.2384124,0.37624019,14,281
da02,1702061365121403,6.1361761,0.8136344,0.62673509,35,286
85ab,1702061365621410,0.98641074,6.2375731,0.37912413,14,291
da02,1702061366121922,6.1215372,0.82347578,0.59978068,31,296
85ab,1702061366621404,0.99293441,6.2653041,0.36967215,12,301
da02,1702061367121932,6.1358924,0.82013488,0.60342741,32,306
85ab,1702061367621439,0.99416381,6.2741747,0.36993432,13,311
da02,1702061368120640,6.1343632,0.81269985,0.61628836,35,316
85ab,1702061368620583,1.0018716,6.2715306,0.37909791,14,321
da02,1702061369121434,6.1500263,0.82031703,0.6139732,31,326
85ab,1702061369621424,0.9971773,6.2772422,0.38524768,13,331
da02,1702061370121423,6.163363,0.812058,0.62747043,33,336
85ab,1702061370621437,0.99085975,6.2606997,0.38636285,14,341
da02,1702061371122983,6.1563883,0.809654,0.65252411,37,346
85ab,1702061371622039,0.99265772,6.2694631,0.37885061,13,351
da02,1702061372121439,6.1497908,0.82125068,0.62134057,30,356
85ab,1702061372621452,0.9711436,6.2493076,0.3765482,13,361
da02,1702061373121462,6.1346674,0.83143079,0.59421718,30,366
85ab,1702061373620869,0.96003664,6.2617011,0.37673604,12,371
da02,1702061374120614,6.129025,0.84618264,0.60620791,33,376
85ab,1702061374621480,0.97986609,6.2602191,0.37997124,14,381
da02,1702061375121446,6.1312141,0.823343,0.62934762,36,386
85ab,1702061375621455,0.96663463,6.2719083,0.37072179,12,391
da02,1702061376121443,6.1320734,0.81382841,0.64727461,36,396
85ab,1702061376621461,0.97373539,6.2551675,0.37730917,14,401
da02,1702061377121948,6.1375785,0.822315,0.66327339,35,406
85ab,1702061377621409,0.97073567,6.2445621,0.38047257,14,411
da02,1702061378121965,6.1456928,0.82954758,0.64443678,31,416
85ab,1702061378621490,0.97389978,6.25115,0.38018495,13,421
da02,1702061379120880,6.1403441,0.82804465,0.65015346,35,426
85ab,1702061379620642,0.96324986,6.2787232,0.36724508,11,431
da02,1702061380121469,6.1306829,0.80957282,0.62949067,33,436
85ab,1702061380621476,0.9639557,6.2544532,0.3763088,14,441
da02,1702061381121479,6.1365418,0.81472522,0.6562494,36,446
85ab,1702061381621471,0.96935022,6.24539,0.36837217,13,451
da02,1702061382121473,6.1377125,0.8126021,0.7002995,40,456
85ab,1702061382621931,0.97912037,6.2238741,0.37322205,15,461
da02,1702061383121473,6.138196,0.81084728,0.67860687,33,466
85ab,1702061383621473,0.993556,6.2280426,0.38396755,15,471
da02,1702061384121536,6.144454,0.820566,0.64278775,29,476
85ab,1702061384621722,0.99365479,6.2123938,0.38402098,15,481
da02,1702061385120662,6.1528144,0.81704551,0.62275755,30,486
85ab,1702061385621498,0.98170638,6.235621,0.37457266,12,491
da02,1702061386121505,6.1619005,0.78899705,0.63857108,36,496
85ab,1702061386621474,0.98603117,6.2585168,0.37836912,13,501
da02,1702061387121521,6.1551909,0.79112637,0.63570571,34,506
85ab,1702061387621497,0.96545535,6.2641544,0.36654019,11,511
da02,1702061388121980,6.1460176,0.80063212,0.61611712,31,516
85ab,1702061388621504,0.95729154,6.2891989,0.35564682,11,521
da02,1702061389122020,6.1437693,0.78389686,0.64638025,38,526
85ab,1702061389621714,0.96532089,6.2551031,0.36759728,15,531
da02,1702061390121516,6.1339517,0.77942115,0.64504838,35,536
85ab,1702061390620686,0.96049744,6.2630086,0.35976541,12,541
da02,1702061391121518,6.130785,0.77500468,0.67802316,39,546
85ab,1702061391621523,0.96518487,6.2603612,0.36171666,13,551
da02,1702061392121511,6.1398883,0.772544,0.66001207,33,556
85ab,1702061392621511,0.94540918,6.2433167,0.36395943,13,561
da02,1702061393121994,6.1485147,0.77442145,0.66584909,35,566
85ab,1702061393621512,0.94589788,6.2482562,0.36179191,12,571
da02,1702061394121516,6.1526418,0.77626467,0.67082357,35,576
85ab,1702061394621536,0.95931411,6.247335,0.36351678,14,581
da02,1702061395120716,6.1465659,0.801141,0.63591981,30,586
85ab,1702061395621531,0.9832539,6.2414651,0.37780452,15,591
da02,1702061396121554,6.1394563,0.80517811,0.64611661,35,596
85ab,1702061396621526,0.98474419,6.2608185,0.37362203,12,601
da02,1702061397121618,6.1394367,0.80865145,0.63135284,32,606
85ab,1702061397621493,0.98656684,6.2454629,0.38237962,14,611
da02,1702061398121962,6.1398034,0.80778188,0.656166,37,616
85ab,1702061398621561,0.98357105,6.2374191,0.38974026,14,621
da02,1702061399121552,6.1398549,0.79491585,0.65664637,35,626
85ab,1702061399621560,0.9777782,6.2551022,0.37888047,12,631
da02,1702061400122106,6.1523609,0.78203326,0.63246322,31,636
85ab,1702061400620736,0.96073604,6.2488346,0.3704935,12,641
da02,1702061401120757,6.1508508,0.76726121,0.65709656,38,646
85ab,1702061401621554,0.9642809,6.2508526,0.3688955,13,651
da02,1702061402121554,6.1496959,0.78828758,0.63673651,31,656
85ab,1702061402621546,0.962225,6.2416034,0.37073109,13,661
da02,1702061403121574,6.1476345,0.79441941,0.6410777,34,666
85ab,1702061403622070,0.98601532,6.2423329,0.38017562,15,671
da02,1702061404121577,6.1337414,0.80058938,0.621718,32,676
85ab,1702061404621574,0.98799926,6.2442908,0.37348476,13,681
da02,1702061405121575,6.1365957,0.82035357,0.62824261,33,686
85ab,1702061405621589,0.98943245,6.2515197,0.3705419,13,691
da02,1702061406120753,6.1380262,0.81826091,0.63934922,35,696
85ab,1702061406620747,0.98646677,6.2861176,0.364313,11,701
da02,1702061407121583,6.1459451,0.81120181,0.655709,35,706
85ab,1702061407621576,0.9915778,6.2692933,0.36581054,14,711
da02,1702061408121580,6.1379747,0.82520103,0.6708945,36,716
85ab,1702061408622069,0.98228472,6.2750335,0.36688048,12,721
da02,1702061409121593,6.1249633,0.8487227,0.63514453,30,726
85ab,1702061409621588,0.96810883,6.2787957,0.35945216,12,731
da02,1702061410121582,6.1437869,0.8442387,0.6373539,32,736
85ab,1702061410621591,0.97192961,6.2723365,0.36594802,13,741
da02,1702061411122112,6.1255584,0.846063,0.60257185,30,746
85ab,1702061411620788,0.96696949,6.255188,0.36091679,13,751
da02,1702061412120772,6.1158047,0.85311437,0.58689076,31,756
85ab,1702061412621595,0.97469014,6.2903233,0.35631481,11,761
da02,1702061413121614,6.1118126,0.84573466,0.5798766,32,766
85ab,1702061413621590,0.97874767,6.2699456,0.36159676,14,771
da02,1702061414122073,6.1056552,0.86807525,0.54742151,27,776
85ab,1702061414621602,0.96226168,6.2904449,0.34159383,10,781
da02,1702061415121622,6.1096163,0.86096972,0.56497729,33,786
85ab,1702061415621610,0.97007996,6.2806554,0.3525053,14,791
da02,1702061416121626,6.1197395,0.83637476,0.58505577,34,796
85ab,1702061416621611,0.94578779,6.3024092,0.34144947,10,801
da02,1702061417120852,6.141037,0.82254755,0.60641807,34,806
85ab,1702061417620785,0.96106863,6.3209262,0.33610734,11,811
da02,1702061418121618,6.1313729,0.83238059,0.62421656,35,816
85ab,1702061418621624,0.95986074,6.309701,0.3367821,12,821
da02,1702061419122088,6.1265717,0.84108263,0.59537309,29,826
85ab,1702061419621620,0.97105837,6.2890668,0.36185873,15,831
da02,1702061420121637,6.1201982,0.83199352,0.59678853,33,836
85ab,1702061420621616,0.965471,6.291285,0.36017206,12,841
da02,1702061421121627,6.1314049,0.8115747,0.61580575,35,846
85ab,1702061421621642,0.95687073,6.2886829,0.36639395,12,851
da02,1702061422122160,6.1225538,0.82118541,0.59383649,30,856
85ab,1702061422620932,0.95236003,6.2900295,0.35618353,12,861
da02,1702061423120827,6.1295819,0.83646208,0.60808676,33,866
85ab,1702061423621647,0.97669804,6.2846985,0.36092705,14,871
da02,1702061424122632,6.1310549,0.84884685,0.61099243,32,876
85ab,1702061424621634,0.9783715,6.2745242,0.36783236,14,881
da02,1702061425121637,6.132936,0.83861107,0.64340359,37,886
85ab,1702061425621639,0.98432016,6.2833495,0.36832896,13,891
da02,1702061426121649,6.1481562,0.83170217,0.62836903,31,896
85ab,1702061426621674,0.97729939,6.2770205,0.36244142,13,901
da02,1702061427121658,6.1451812,0.82643539,0.65895659,37,906
85ab,1702061427621688,0.9867475,6.2750759,0.36910823,14,911
da02,1702061428121032,6.1446238,0.84016138,0.61983657,28,916
85ab,1702061428620853,0.97142142,6.2532434,0.37402397,13,921
da02,1702061429121688,6.1413097,0.83735156,0.63402748,35,926
85ab,1702061429622134,0.96682972,6.2678065,0.36869347,12,931
da02,1702061430121656,6.1724916,0.82069224,0.67771512,37,936
85ab,1702061430621702,0.967314,6.2995791,0.36557621,11,941
da02,1702061431121688,6.1756811,0.80974984,0.68786621,36,946
85ab,1702061431621720,0.9670468,6.2068644,0.39936328,66,951
da02,1702061432121703,6.1660013,0.8074317,0.69061595,36,956
85ab,1702061432621705,0.97399884,6.2289228,0.39500716,13,961
da02,1702061433122228,6.163722,0.79864722,0.66592705,32,966
85ab,1702061433621027,0.98862636,6.251286,0.38753852,13,971
da02,1702061434120860,6.1614718,0.80714422,0.63641,30,976
85ab,1702061434622185,0.98454374,6.2409382,0.38011408,14,981
da02,1702061435121690,6.1596065,0.81949711,0.647861,34,986
85ab,1702061435621694,0.97337735,6.2451921,0.38022196,13,991
da02,1702061436121700,6.15038,0.81871492,0.65064818,35,996
85ab,1702061436621717,0.97088641,6.2612233,0.36931741,12,1001
da02,1702061437121740,6.1494756,0.81341475,0.64224643,33,1006
85ab,1702061437621717,0.98011208,6.2844181,0.36938709,12,1011
da02,1702061438121684,6.1330504,0.81601965,0.61676812,32,1016
85ab,1702061438621758,0.98701769,6.2530646,0.38808933,16,1021
da02,1702061439121081,6.1457329,0.81101459,0.62656695,33,1026
85ab,1702061439620816,0.97346324,6.2403417,0.3850126,13,1031
da02,1702061440121686,6.1252437,0.83111072,0.6084128,31,1036
85ab,1702061440621658,0.98044157,6.228158,0.38631123,15,1041
da02,1702061441121609,6.1322203,0.83546388,0.62119842,33,1046
85ab,1702061441621649,0.96819335,6.2353454,0.37604064,12,1051
da02,1702061442121634,6.1288776,0.83705151,0.5954634,30,1056
85ab,1702061442621652,0.9694975,6.2366729,0.37563366,13,1061
da02,1702061443121649,6.1363449,0.82834619,0.61502832,34,1066
85ab,1702061443621650,0.96074021,6.2476373,0.363739,12,1071
da02,1702061444122234,6.1384358,0.81265944,0.65547734,39,1076
85ab,1702061444621948,0.96720386,6.2379313,0.36667302,14,1081
da02,1702061445120917,6.1439695,0.81940782,0.63770497,31,1086
85ab,1702061445622161,0.96654695,6.2409849,0.37083912,13,1091
da02,1702061446121720,6.1405373,0.81303006,0.630856,33,1096
85ab,1702061446621732,0.97183895,6.2654119,0.36804602,12,1101
da02,1702061447121695,6.1387672,0.8084746,0.6283623,33,1106
85ab,1702061447621726,0.96392041,6.2677808,0.36177024,12,1111
da02,1702061448123221,6.1403651,0.80730391,0.62490726,33,1116
85ab,1702061448622056,0.948951,6.2629533,0.34887183,12,1121
da02,1702061449121701,6.1260715,0.80473709,0.59318793,30,1126
85ab,1702061449621721,0.96198249,6.2703104,0.34866285,13,1131
da02,1702061450122055,6.1393251,0.80838335,0.61564994,34,1136
85ab,1702061450620895,0.95401347,6.2661185,0.3452819,12,1141
da02,1702061451121729,6.1171908,0.83593237,0.575116,28,1146
85ab,1702061451621799,0.958584,6.2509475,0.34882465,14,1151
da02,1702061452121770,6.1309857,0.81608558,0.63156837,39,1156
85ab,1702061452621942,0.9506731,6.2548161,0.35064837,12,1161
da02,1702061453121688,6.1352081,0.80007964,0.64419866,36,1166
85ab,1702061453621810,0.94399208,6.2495918,0.35716078,13,1171
da02,1702061454121776,6.1485267,0.781995,0.6441254,34,1176
85ab,1702061454621734,0.9520129,6.2625127,0.36206692,13,1181
da02,1702061455121249,6.1539044,0.79036164,0.62629074,31,1186
85ab,1702061455620948,0.95665509,6.2555103,0.36402816,13,1191
da02,1702061456122196,6.1466804,0.80368888,0.59661138,29,1196
85ab,1702061456621782,0.95717764,6.2523475,0.37018856,13,1201
da02,1702061457121775,6.1404042,0.81920773,0.58541363,30,1206
85ab,1702061457621746,0.96264988,6.2614903,0.37049353,13,1211
da02,1702061458121794,6.1225982,0.83895993,0.56735337,30,1216
85ab,1702061458621792,0.95372254,6.2415285,0.37444839,14,1221
da02,1702061459121736,6.1380792,0.83144671,0.60378379,35,1226
85ab,1702061459621749,0.96475488,6.247334,0.37648955,13,1231
da02,1702061460121775,6.1347427,0.83036095,0.60845941,33,1236
85ab,1702061460620971,0.95274526,6.2514,0.37189031,12,1241
da02,1702061461121760,6.1526942,0.80846363,0.60547215,32,1246
85ab,1702061461622300,0.964022,6.2547374,0.374571,13,1251
da02,1702061462121978,6.1624217,0.79868245,0.62174511,34,1256
85ab,1702061462621875,0.9739337,6.2512169,0.37797961,14,1261
da02,1702061463121789,6.1567178,0.82584846,0.592259,28,1266
85ab,1702061463621727,0.97168148,6.2698536,0.36520645,12,1271
da02,1702061464121807,6.1481519,0.83129841,0.604194,34,1276
85ab,1702061464621820,0.97277993,6.2664633,0.37184605,13,1281
da02,1702061465121841,6.1513553,0.825558,0.61197287,33,1286
85ab,1702061465621866,0.99526584,6.2572112,0.38167039,15,1291
da02,1702061466121290,6.1432343,0.83848834,0.58109576,28,1296
85ab,1702061466620944,0.98659503,6.2529311,0.37445071,13,1301
da02,1702061467122277,6.1441603,0.83498055,0.60104442,34,1306
85ab,1702061467621840,0.97749847,6.2637658,0.36858043,12,1311
da02,1702061468121912,6.1324196,0.83526951,0.60521209,34,1316
85ab,1702061468621852,0.96778864,6.2591076,0.36584738,13,1321
da02,1702061469121847,6.1202583,0.82903117,0.5876202,32,1326
85ab,1702061469621765,0.96990114,6.2504435,0.37109047,14,1331
da02,1702061470121844,6.1358776,0.819032,0.632084,37,1336
85ab,1702061470621858,0.97327387,6.2544379,0.373527,13,1341
da02,1702061471121780,6.1443191,0.81743807,0.66103482,37,1346
85ab,1702061471621038,0.96131623,6.2759185,0.36449829,11,1351
da02,1702061472121026,6.1297379,0.817249,0.62804729,31,1356
85ab,1702061472622360,0.95816439,6.3051443,0.35512236,11,1361
da02,1702061473121868,6.1353707,0.81635469,0.627424,33,1366
85ab,1702061473621860,0.96407527,6.27565,0.3619056,14,1371
da02,1702061474121878,6.1519613,0.81088829,0.674951,38,1376
85ab,1702061474621874,0.96390986,6.2863317,0.35487852,12,1381
da02,1702061475121873,6.162787,0.83385217,0.65536129,30,1386
85ab,1702061475621887,0.96520144,6.2737937,0.35966998,13,1391
da02,1702061476121900,6.1583796,0.81959,0.64240927,33,1396
85ab,1702061476621994,0.96504515,6.2678823,0.36558682,13,1401
da02,1702061477121007,6.1416535,0.82416219,0.62806493,33,1406
85ab,1702061477621046,0.97470111,6.2745605,0.36669216,13,1411
da02,1702061478122340,6.1480789,0.82078034,0.65166223,36,1416
85ab,1702061478621912,0.95911288,6.3011117,0.35510981,10,1421
da02,1702061479121916,6.1507206,0.82504606,0.65289056,33,1426
85ab,1702061479621925,0.94564307,6.3160782,0.34186018,10,1431
da02,1702061480121900,6.1302404,0.84023494,0.63135952,32,1436
85ab,1702061480621940,0.95902455,6.29624,0.3573446,14,1
da02,1702061481121932,6.127037,0.82913417,0.64385295,36,6
85ab,1702061481621913,0.96295303,6.2854195,0.3633897,13,11
da02,1702061482121882,6.1131616,0.84275204,0.633626,33,16
85ab,1702061482621013,0.95914859,6.2694635,0.35693839,13,21
da02,1702061483121068,6.1178889,0.83571154,0.63935417,34,26
85ab,1702061483622318,0.9710322,6.2647824,0.36151683,14,31
da02,1702061484122102,6.130034,0.823086,0.6691606,37,36
85ab,1702061484621917,0.97844064,6.2753305,0.36498952,13,41
da02,1702061485121883,6.1378064,0.81724232,0.67607141,35,46
85ab,1702061485621933,0.97855777,6.2732296,0.3724429,13,51
da02,1702061486121890,6.1549749,0.80552262,0.674858,34,56
85ab,1702061486621938,0.97289324,6.2551885,0.37860176,14,61
da02,1702061487121906,6.144794,0.81515962,0.67917633,36,66
85ab,1702061487622222,0.96969539,6.2562947,0.38250887,13,71
da02,1702061488121380,6.1439581,0.81009096,0.67101079,34,76
85ab,1702061488621092,0.97678441,6.2809057,0.37144282,12,81
da02,1702061489122372,6.1401258,0.81546277,0.65851587,33,86
85ab,1702061489621956,0.98617154,6.2620573,0.37938491,15,91
da02,1702061490121944,6.1429353,0.80173171,0.64026344,32,96
85ab,1702061490621934,0.98331326,6.2665205,0.3776454,13,101
da02,1702061491121921,6.1521521,0.79483891,0.65904647,36,106
85ab,1702061491621929,0.97537434,6.2838454,0.37070462,12,111
da02,1702061492121921,6.157372,0.80471009,0.63404709,30,116
85ab,1702061492621930,0.97450751,6.2734666,0.3726657,13,121
da02,1702061493121934,6.1635695,0.7918902,0.65008372,35,126
85ab,1702061493621224,0.96625823,6.2679219,0.3700271,13,131
da02,1702061494121130,6.165494,0.78980213,0.65618789,34,136
85ab,1702061494622392,0.97340739,6.2848969,0.3698,12,141
da02,1702061495121892,6.1593466,0.80366313,0.67935908,37,146
85ab,1702061495621948,0.98887938,6.2846465,0.37308449,14,151
da02,1702061496121932,6.1462655,0.81333721,0.65290016,32,156
85ab,1702061496621893,0.97628784,6.29744,0.365885,11,161
da02,1702061497121952,6.1299443,0.81557041,0.61874884,31,166
85ab,1702061497621937,0.956334,6.2817059,0.35901508,12,171
da02,1702061498121881,6.129807,0.81916028,0.59660649,30,176
85ab,1702061498622006,0.96633852,6.2868934,0.3629792,13,181
da02,1702061499121591,6.1267571,0.82428348,0.60271281,33,186
85ab,1702061499621094,0.957659,6.2714148,0.3572993,13,191
da02,1702061500122431,6.1311255,0.83044118,0.58647859,30,196
85ab,1702061500621961,0.95942914,6.2470279,0.36672056,14,201
da02,1702061501121912,6.1407881,0.82334155,0.573815,30,206
85ab,1702061501621968,0.94697428,6.2383151,0.3629528,13,211
da02,1702061502121954,6.1501665,0.81588024,0.6017682,35,216
85ab,1702061502621848,0.95758295,6.2481637,0.36178115,13,221
da02,1702061503121983,6.124454,0.82455432,0.55511606,28,226
85ab,1702061503621976,0.97893447,6.235,0.37644354,15,231
da02,1702061504122262,6.1144543,0.82566416,0.57116967,34,236
85ab,1702061504621312,0.99021864,6.2249885,0.38391587,15,241
da02,1702061505121120,6.1273685,0.83317417,0.57666183,31,246
85ab,1702061505621942,0.97623968,6.2255516,0.37844324,13,251
da02,1702061506121928,6.1209178,0.83467579,0.56378603,30,256
85ab,1702061506621885,0.97403365,6.2309971,0.38157538,13,261
da02,1702061507121905,6.1350164,0.8192206,0.6120075,37,266
85ab,1702061507621931,0.96440709,6.2366166,0.38123211,13,271
da02,1702061508121921,6.131938,0.80840433,0.61952323,35,276
85ab,1702061508621908,0.96978813,6.249218,0.38913092,13,281
da02,1702061509122008,6.1482234,0.78919554,0.62897,34,286
85ab,1702061509621913,0.98761493,6.2529659,0.3885695,14,291
da02,1702061510122838,6.1488771,0.77665216,0.62735689,34,296
85ab,1702061510621176,0.99027973,6.2511439,0.38065508,13,301
da02,1702061511122012,6.1490965,0.7899344,0.62267488,32,306
85ab,1702061511622034,0.98714513,6.25525,0.3772763,13,311
da02,1702061512121951,6.1408424,0.79801828,0.5887906,29,316
85ab,1702061512622047,0.99011028,6.2721066,0.38075069,13,321
da02,1702061513121997,6.1435213,0.80104178,0.60100472,33,326
85ab,1702061513622406,0.97582203,6.2746339,0.36860907,12,331
da02,1702061514121966,6.13963,0.80777812,0.609038,33,336
85ab,1702061514621972,0.98348588,6.2777872,0.37122896,13,341
da02,1702061515121201,6.1399722,0.816864,0.60748065,32,346
85ab,1702061515621159,0.97662872,6.2584648,0.37370053,14,351
da02,1702061516122437,6.1367025,0.81344843,0.63456416,37,356
85ab,1702061516622053,0.98349994,6.2717538,0.36342961,12,361
da02,1702061517121967,6.1302562,0.80605209,0.61250144,32,366
85ab,1702061517621969,0.97951829,6.2767549,0.36257434,12,371
da02,1702061518122025,6.12057,0.81601185,0.58384115,30,376
85ab,1702061518621976,0.95690852,6.2681484,0.35776615,12,381
da02,1702061519121990,6.1127586,0.83095139,0.57892084,31,386
85ab,1702061519622042,0.9664408,6.2781491,0.35875535,13,391
da02,1702061520122021,6.1177611,0.84444815,0.60279596,34,396
85ab,1702061520621188,0.96597463,6.2689104,0.36568061,13,401
da02,1702061521122600,6.1231937,0.85581172,0.58735341,29,406
85ab,1702061521622452,0.95948356,6.2582135,0.36816356,13,411
da02,1702061522121950,6.1166687,0.85173869,0.5647651,30,416
85ab,1702061522622004,0.96762139,6.2670174,0.37007573,13,421
da02,1702061523122084,6.1438,0.84297633,0.6251756,37,426
85ab,1702061523622200,0.97762108,6.2629266,0.38234591,14,431
da02,1702061524122014,6.1453776,0.83325988,0.667796,39,436
85ab,1702061524622143,0.9905383,6.2642174,0.38853663,14,441
da02,1702061525123674,6.130384,0.83482486,0.62753558,30,446
85ab,1702061525622045,0.99501139,6.2614036,0.37981811,13,451
da02,1702061526121262,6.1244349,0.85360956,0.63306433,33,456
85ab,1702061526621295,1.0036905,6.2406268,0.38663882,15,461
da02,1702061527121998,6.1230493,0.84296685,0.62024254,32,466
85ab,1702061527622162,0.99645251,6.2448311,0.38497549,13,471
da02,1702061528122130,6.1360054,0.83474272,0.61161119,31,476
85ab,1702061528622014,0.99685228,6.2273579,0.38844115,15,481
da02,1702061529122115,6.1518435,0.80835176,0.62874281,35,486
85ab,1702061529622148,1.0042152,6.2193956,0.40204647,15,491
da02,1702061530122010,6.1441584,0.79505765,0.62871963,34,496
85ab,1702061530622033,0.99509978,6.2328482,0.38906014,13,501
da02,1702061531122153,6.1361609,0.814209,0.59922707,29,506
85ab,1702061531621281,0.99259573,6.2530975,0.37798229,12,511
da02,1702061532121534,6.1394806,0.80946594,0.62573695,36,516
85ab,1702061532622643,0.98634011,6.2414784,0.38083515,14,521
da02,1702061533122016,6.1369333,0.82481575,0.62548262,33,526
85ab,1702061533622009,0.97764444,6.2447658,0.37963808,13,531
da02,1702061534122144,6.1405587,0.84204972,0.58014727,26,536
85ab,1702061534622033,0.97267115,6.243175,0.37142181,13,541
da02,1702061535122110,6.1403837,0.85409486,0.6060971,34,546
85ab,1702061535622136,0.973487,6.2432227,0.38167495,14,551
da02,1702061536122118,6.1606388,0.82034814,0.6729719,41,556
85ab,1702061536622159,0.97525692,6.24636,0.38070455,13,561
da02,1702061537121269,6.1699376,0.79374075,0.70131385,39,566
85ab,1702061537621288,0.96386385,6.2340622,0.38634548,14,571
da02,1702061538122588,6.1542363,0.81471139,0.66180891,30,576
85ab,1702061538622166,0.96658254,6.2376661,0.38552755,13,581
da02,1702061539122151,6.1436214,0.81738049,0.67286372,36,586
85ab,1702061539622141,0.95408857,6.2253242,0.389391,13,591
da02,1702061540122160,6.1491165,0.80477047,0.65505332,32,596
85ab,1702061540622214,0.94290704,6.2245421,0.38705966,13,601
da02,1702061541122190,6.1534834,0.80865192,0.66818625,35,606
85ab,1702061541622158,0.95053279,6.2308097,0.3831214,13,611
da02,1702061542122174,6.1359167,0.83830315,0.65105051,32,616
85ab,1702061542621334,0.95725471,6.2447486,0.38557246,13,621
da02,1702061543121568,6.1348515,0.83217263,0.61713916,30,626
85ab,1702061543622608,0.97459376,6.2302213,0.39613017,15,631
da02,1702061544122495,6.1170797,0.83485514,0.5993557,32,636
85ab,1702061544622055,0.97076237,6.2397022,0.38010564,12,641
da02,1702061545121983,6.1254191,0.84784842,0.60460025,32,646
85ab,1702061545622007,0.97326064,6.2673221,0.36804187,12,651
da02,1702061546122156,6.1124549,0.8423031,0.57002085,29,656
85ab,1702061546622098,0.97720629,6.2668076,0.37468085,13,661
da02,1702061547122101,6.1152782,0.83563846,0.60521913,36,666
85ab,1702061547622226,0.97042048,6.255239,0.37920466,13,671
da02,1702061548121359,6.1265388,0.83131796,0.62538719,35,676
85ab,1702061548621320,0.9675017,6.2376738,0.38685992,14,681
da02,1702061549122699,6.1066289,0.85089839,0.58225656,28,686
85ab,1702061549622156,0.96931088,6.2516122,0.38214573,13,691
da02,1702061550122141,6.112699,0.84203917,0.5881182,33,696
85ab,1702061550622262,0.98038113,6.27907,0.37779525,12,701
da02,1702061551122186,6.1286812,0.83920294,0.59897339,32,706
85ab,1702061551622170,0.97868621,6.2626204,0.37534988,14,711
da02,1702061552122196,6.1336679,0.80698359,0.61228514,35,716
85ab,1702061552622185,0.97519952,6.2683587,0.37036723,12,721
da02,1702061553122200,6.1501126,0.79857886,0.60960191,32,726
85ab,1702061553621544,0.95839411,6.2559862,0.37026832,13,731
da02,1702061554121650,6.16497,0.79421705,0.658282,38,736
85ab,1702061554622656,0.980939,6.247539,0.36987549,15,741
da02,1702061555122376,6.1651645,0.81213272,0.68781847,37,746
85ab,1702061555622218,0.97539055,6.2632318,0.36895934,12,751
da02,1702061556122179,6.1701379,0.82546568,0.66450661,30,756
85ab,1702061556622254,0.98854095,6.27488,0.37218866,13,761
da02,1702061557122135,6.1793861,0.81061935,0.70001221,38,766
85ab,1702061557622178,0.98188204,6.2805181,0.36539647,12,771
da02,1702061558122148,6.1724839,0.8046416,0.66270667,31,776
85ab,1702061558622248,0.96889728,6.269434,0.363306,13,781
da02,1702061559121610,6.16152,0.80913764,0.6513291,33,786
85ab,1702061559621348,0.97965384,6.2725916,0.37507933,14,791
da02,1702061560122694,6.1440272,0.81730682,0.62378681,31,796
85ab,1702061560622208,0.98200119,6.2640409,0.38229626,14,801
da02,1702061561122130,6.1252203,0.83999622,0.61205524,32,806
85ab,1702061561622228,0.98887235,6.2510748,0.38564345,14,811
da02,1702061562122224,6.1373844,0.829873,0.66542172,39,816
85ab,1702061562622189,0.987128,6.2677288,0.38144314,12,821
da02,1702061563122222,6.1459513,0.83365053,0.64664191,31,826
85ab,1702061563622224,0.989434,6.2662792,0.38315403,13,831
da02,1702061564122264,6.135128,0.84483343,0.62508047,31,836
85ab,1702061564622590,0.98547584,6.2720976,0.37286514,12,841
da02,1702061565121620,6.1379318,0.83448476,0.65170026,37,846
85ab,1702061565622282,0.98359066,6.2652159,0.36937633,13,851
da02,1702061566122379,6.1424408,0.83822489,0.64012146,32,856
85ab,1702061566622150,0.98321038,6.2658043,0.36930317,13,861
da02,1702061567122231,6.1309686,0.83423615,0.60589963,30,866
85ab,1702061567622181,0.97859269,6.2461452,0.37446043,14,871
da02,1702061568122228,6.1262178,0.82731837,0.62548423,36,876
85ab,1702061568622592,0.97034377,6.2298827,0.38628727,14,881
da02,1702061569122165,6.1355133,0.80844021,0.62812275,34,886
85ab,1702061569622252,0.98840946,6.256124,0.37958127,13,891
da02,1702061570122422,6.1392446,0.8224833,0.62366158,32,896
85ab,1702061570621384,0.99109936,6.2501569,0.38603404,14,901
da02,1702061571122750,6.1354494,0.83943784,0.6339277,34,906
85ab,1702061571622208,0.97574568,6.2637663,0.38105112,12,911
da02,1702061572122215,6.1342797,0.82926023,0.65302986,36,916
85ab,1702061572622281,0.98272651,6.2524033,0.38483414,14,921
da02,1702061573122213,6.1391263,0.82715237,0.64015114,32,926
85ab,1702061573622219,0.97435927,6.2599988,0.36670846,12,931
da02,1702061574122266,6.1446233,0.81252313,0.6592437,36,936
85ab,1702061574622273,0.96940809,6.2578211,0.36697403,13,941
da02,1702061575121410,6.1495562,0.79531926,0.70361006,41,946
85ab,1702061575622310,0.97267753,6.2611046,0.35921273,13,951
da02,1702061576122814,6.1442819,0.79461509,0.706807,37,956
85ab,1702061576622290,0.97073936,6.2558508,0.35808334,13,961
da02,1702061577122276,6.1407108,0.80773181,0.66111052,30,966
85ab,1702061577622176,0.97826964,6.2719026,0.3573848,12,971
da02,1702061578122220,6.1370459,0.80343491,0.66862744,36,976
85ab,1702061578622278,0.98059016,6.2572489,0.37248376,14,981
da02,1702061579122170,6.1583586,0.80405772,0.66163826,32,986
85ab,1702061579622248,0.96864265,6.2613716,0.36707321,12,991
da02,1702061580122310,6.137908,0.82783544,0.63773495,31,996
85ab,1702061580621460,0.95784277,6.2686758,0.36352113,12,1001
da02,1702061581122240,6.1463442,0.83657968,0.62782288,31,1006
85ab,1702061581622306,0.95706356,6.2777047,0.35620517,12,1011
da02,1702061582122210,6.1535416,0.84335232,0.63927203,33,1016
85ab,1702061582622229,0.96510142,6.2800908,0.359946,13,1021
da02,1702061583122279,6.139688,0.86535758,0.58139974,26,1026
85ab,1702061583622238,0.95624727,6.2930017,0.35937089,11,1031
da02,1702061584122234,6.1552453,0.83541143,0.64839488,40,1036
85ab,1702061584622238,1.0343155,6.1989994,0.20240524,66,1041
da02,1702061585122191,6.1415467,0.83999509,0.61452174,30,1046
85ab,1702061585622219,1.0270302,6.232667,0.24007566,12,1051
da02,1702061586121500,6.1301446,0.85677058,0.56224889,26,1056
85ab,1702061586621820,1.0155143,6.242662,0.26507068,13,1061
da02,1702061587122388,6.1443381,0.849637,0.59173387,34,1066
85ab,1702061587622261,1.0122279,6.2357354,0.29528013,14,1071
da02,1702061588122518,6.1529951,0.81671154,0.65015852,40,1076
85ab,1702061588622366,0.99923086,6.2528324,0.31233346,12,1081
da02,1702061589122233,6.1462288,0.8049528,0.67823905,39,1086
85ab,1702061589622350,0.99963826,6.266243,0.32413605,13,1091
da02,1702061590122356,6.1419268,0.81193906,0.70059723,38,1096
85ab,1702061590622281,0.99557668,6.2473106,0.34510341,14,1101
da02,1702061591122372,6.1605539,0.79558587,0.72451615,38,1106
85ab,1702061591621893,0.99408895,6.2547712,0.34443745,13,1111
da02,1702061592121508,6.1583052,0.8014555,0.70375317,33,1116
85ab,1702061592622365,0.9780525,6.2613454,0.343806,12,1121
da02,1702061593122348,6.1580215,0.80096877,0.69466466,34,1126
85ab,1702061593622364,0.98748755,6.2662807,0.34208182,13,1131
da02,1702061594122273,6.148221,0.78454876,0.6783545,35,1136
85ab,1702061594622384,0.97959059,6.2723575,0.3480472,12,1141
da02,1702061595122355,6.1467705,0.78248841,0.68134451,36,1146
85ab,1702061595622282,0.97483861,6.2789149,0.34439152,12,1151
da02,1702061596122365,6.1662273,0.77876741,0.6731329,33,1156
85ab,1702061596622860,0.96617013,6.27005,0.34667334,13,1161
da02,1702061597121443,6.1474094,0.78052276,0.66029114,35,1166
85ab,1702061597621552,0.97273618,6.2677474,0.34862882,13,1171
da02,1702061598122900,6.1590309,0.77936262,0.66953093,35,1176
85ab,1702061598622348,0.96894288,6.2695322,0.3490805,12,1181
da02,1702061599122373,6.1349983,0.80505151,0.605954,27,1186
85ab,1702061599622382,0.96676707,6.2635665,0.35755175,13,1191
da02,1702061600122419,6.1391907,0.79967314,0.62736905,36,1196
85ab,1702061600622304,0.96517515,6.261199,0.3591651,13,1201
da02,1702061601122278,6.1387315,0.7917003,0.62218314,33,1206
85ab,1702061601622906,0.97910583,6.2650404,0.36536431,14,1211
da02,1702061602123890,6.1385,0.7780596,0.64778394,38,1216
85ab,1702061602621523,0.97330433,6.2646804,0.36774692,13,1221
da02,1702061603121499,6.1576114,0.76947159,0.68328816,38,1226
85ab,1702061603622304,0.96686286,6.2708983,0.35848242,12,1231
da02,1702061604122491,6.1517429,0.78566676,0.66845191,33,1236
85ab,1702061604622307,0.96086311,6.2679515,0.36154503,13,1241
da02,1702061605122297,6.1492229,0.79447037,0.64620084,32,1246
85ab,1702061605622322,0.954157,6.2737308,0.36423835,12,1251
da02,1702061606122318,6.1568828,0.79709071,0.6504274,34,1256
85ab,1702061606622391,0.95601535,6.2742753,0.36917785,13,1261
da02,1702061607122308,6.1427674,0.79449254,0.62048584,31,1266
85ab,1702061607622374,0.95092559,6.2600069,0.37111548,13,1271
da02,1702061608121545,6.133316,0.81605458,0.6230517,33,1276
85ab,1702061608621590,0.96168196,6.2519455,0.36863366,14,1281
da02,1702061609122886,6.1220317,0.81569088,0.60857165,32,1286
85ab,1702061609622395,0.96823663,6.26106,0.36633912,13,1291
da02,1702061610122422,6.1332803,0.81316388,0.60402519,31,1296
85ab,1702061610622409,0.96632308,6.259181,0.36180067,13,1301
da02,1702061611122422,6.1338077,0.80257791,0.62330586,36,1306
85ab,1702061611622922,0.95498449,6.2716632,0.36159605,12,1311
da02,1702061612122426,6.1451278,0.82229841,0.64536875,34,1316
85ab,1702061612622429,0.96640491,6.273725,0.36725181,13,1321
da02,1702061613122497,6.1382842,0.83529091,0.61244053,29,1326
85ab,1702061613621645,0.95661759,6.2705035,0.35698453,12,1331
da02,1702061614121609,6.1469212,0.81066352,0.6245178,35,1336
85ab,1702061614622484,0.95171791,6.2781963,0.35765392,12,1341
da02,1702061615122443,6.1468816,0.81298119,0.6249994,33,1346
85ab,1702061615622495,0.95209283,6.265038,0.35959351,13,1351
da02,1702061616122480,6.1474514,0.80371672,0.59960496,30,1356
85ab,1702061616622974,0.94835871,6.2796307,0.35391906,11,1361
da02,1702061617122491,6.1286125,0.81006932,0.59109789,33,1366
85ab,1702061617622490,0.95349652,6.2891455,0.35620007,12,1371
da02,1702061618122488,6.1380386,0.82034945,0.59915215,32,1376
85ab,1702061618622512,0.95852274,6.2824907,0.35486948,13,1381
da02,1702061619121815,6.10913,0.8274225,0.55973822,29,1386
85ab,1702061619621658,0.95757353,6.2622652,0.35848197,14,1391
da02,1702061620123039,6.1046152,0.83807492,0.58101487,34,1396
85ab,1702061620622560,0.97028786,6.2576947,0.35804564,14,1401
da02,1702061621122507,6.1187029,0.83957386,0.598459,33,1406
85ab,1702061621623046,0.96815008,6.2632489,0.36019757,13,1411
da02,1702061622122504,6.1043797,0.85980421,0.58129507,30,1416
85ab,1702061622622514,0.98702592,6.2539673,0.37600169,15,1421
da02,1702061623122528,6.1273508,0.83251709,0.60556763,34,1426
85ab,1702061623622571,0.9940424,6.2399068,0.38565838,15,1431
da02,1702061624122564,6.1371522,0.814993,0.63308942,36,1436
85ab,1702061624622684,0.98317415,6.2435937,0.37243858,12,1
da02,1702061625121673,6.1523361,0.80289042,0.63922828,34,6
85ab,1702061625622530,0.9993096,6.228106,0.38571033,16,11
da02,1702061626122528,6.145195,0.81364983,0.63238937,33,16
85ab,1702061626622974,0.99170971,6.2313781,0.38638118,13,21
da02,1702061627122534,6.1467857,0.80940241,0.63229305,33,26
85ab,1702061627622514,0.99755526,6.2251887,0.39261273,15,31
da02,1702061628122512,6.1490812,0.81606418,0.6241169,32,36
85ab,1702061628622521,0.98354405,6.2317138,0.38498738,13,41
da02,1702061629122552,6.1330967,0.81550753,0.61461425,33,46
85ab,1702061629622795,0.98679382,6.2179403,0.38948259,15,51
da02,1702061630122660,6.1515827,0.80303043,0.6411162,35,56
85ab,1702061630621659,0.97509795,6.2334328,0.38141489,12,61
da02,1702061631123017,6.1472187,0.80843765,0.61644143,30,66
85ab,1702061631622480,0.96452343,6.2435093,0.37377155,12,71
da02,1702061632122992,6.1416612,0.82645512,0.6321497,34,76
85ab,1702061632622492,0.98425722,6.2193117,0.37911147,16,81
da02,1702061633122483,6.1541409,0.83442175,0.63512862,32,86
85ab,1702061633622496,0.97499591,6.23263,0.376354,12,91
da02,1702061634122511,6.1426587,0.83170515,0.63028669,33,96
85ab,1702061634622531,0.98361838,6.2488303,0.37386391,13,101
da02,1702061635121678,6.1236153,0.84021,0.60292518,31,106
85ab,1702061635622495,0.9892875,6.2384167,0.38623759,15,111
da02,1702061636122500,6.1123748,0.8419174,0.5746538,30,116
85ab,1702061636622506,0.99288285,6.2300491,0.38994861,14,121
da02,1702061637122968,6.1253424,0.82937777,0.6069358,36,126
85ab,1702061637622504,0.99563217,6.2505774,0.37956339,13,131
da02,1702061638122510,6.1047597,0.85390997,0.57119483,29,136
85ab,1702061638622513,1.0034,6.2443237,0.38441521,15,141
da02,1702061639122548,6.1121559,0.86329293,0.571356,30,146
85ab,1702061639622529,1.0291672,6.2602806,0.38427883,14,151
da02,1702061640122535,6.1365118,0.8391974,0.59853309,34,156
85ab,1702061640621710,1.0185241,6.2687273,0.37478966,13,161
da02,1702061641122544,6.1392188,0.84518296,0.57963955,29,166
85ab,1702061641622536,0.99385864,6.2743545,0.36204937,11,171
da02,1702061642123514,6.1330042,0.86015922,0.57533461,30,176
85ab,1702061642622603,0.98294622,6.2663484,0.36377871,13,181
da02,1702061643122536,6.1330805,0.8548463,0.5641647,30,186
85ab,1702061643622511,0.98268342,6.2522516,0.37421176,14,191
da02,1702061644122550,6.1438074,0.82594067,0.6290614,40,196
85ab,1702061644622553,0.98755407,6.2497711,0.37874556,14,201
da02,1702061645122554,6.1370935,0.829585,0.63057315,34,206
85ab,1702061645622572,0.99083209,6.2606854,0.37900198,13,211
da02,1702061646121725,6.1426177,0.82582724,0.6230967,32,216
85ab,1702061646621714,1.0006175,6.2542691,0.37672535,14,221
da02,1702061647123035,6.1213818,0.8525542,0.57280052,27,226
85ab,1702061647622592,0.98517019,6.2484865,0.369172,13,231
da02,1702061648122550,6.113225,0.85520053,0.57264227,32,236
85ab,1702061648622546,0.98002166,6.2421966,0.3750805,14,241
da02,1702061649122548,6.13321,0.85553938,0.59158778,32,246
85ab,1702061649622550,0.96780962,6.2450161,0.37589294,13,251
da02,1702061650122636,6.1299429,0.86078036,0.58939815,31,256
85ab,1702061650622562,0.97860575,6.2430863,0.3774035,14,261
da02,1702061651122582,6.1488991,0.84949642,0.60186893,32,266
85ab,1702061651621758,0.98945564,6.2338247,0.37786955,14,271
da02,1702061652121737,6.1634994,0.81818807,0.6112873,33,276
85ab,1702061652623042,0.99184316,6.263978,0.37876821,12,281
da02,1702061653123107,6.1507854,0.81195897,0.63626105,37,286
85ab,1702061653622575,0.99625379,6.2712131,0.37603903,13,291
da02,1702061654122572,6.1343803,0.8117131,0.64650685,36,296
85ab,1702061654622612,0.98587179,6.2807388,0.36523989,12,301
da02,1702061655122581,6.13873,0.81445831,0.62621206,31,306
85ab,1702061655622575,0.98741257,6.2615151,0.37567872,14,311
da02,1702061656122598,6.1276217,0.80252767,0.60329485,32,316
85ab,1702061656622607,0.98108357,6.2602224,0.36739439,13,321
da02,1702061657121722,6.1351943,0.80041224,0.61532623,34,326
85ab,1702061657621764,0.97841448,6.2505817,0.37319836,14,331
da02,1702061658123068,6.1290712,0.80647403,0.60201675,32,336
85ab,1702061658622602,0.98040956,6.2514606,0.37380159,13,341
da02,1702061659122605,6.1058183,0.81959832,0.55528039,28,346
85ab,1702061659622602,0.98379493,6.2612681,0.36534944,13,351
da02,1702061660122610,6.1176515,0.82125604,0.57888669,33,356
85ab,1702061660622620,0.98265797,6.256815,0.36667755,13,361
da02,1702061661122611,6.1307983,0.82762563,0.5886749,32,366
85ab,1702061661622607,0.97345871,6.2644234,0.36300841,12,371
da02,1702061662122628,6.1322646,0.8196516,0.59937757,34,376
85ab,1702061662621827,0.96299917,6.2646513,0.35388553,12,381
da02,1702061663121774,6.1386766,0.81325525,0.61238825,34,386
85ab,1702061663623083,0.95939225,6.2596188,0.36265966,13,391
da02,1702061664123762,6.1335711,0.81291735,0.60819948,33,396
85ab,1702061664622566,0.96115392,6.256556,0.35886633,13,401
da02,1702061665122630,6.1423368,0.80951351,0.60436809,32,406
85ab,1702061665622617,0.96784055,6.2488079,0.36436871,14,411
da02,1702061666122620,6.1634665,0.79730988,0.62062359,33,416
85ab,1702061666622638,0.9591648,6.2536421,0.35350463,12,421
da02,1702061667122632,6.1668978,0.80094844,0.61000836,31,426
85ab,1702061667622821,0.96634871,6.2510953,0.35877118,13,431
da02,1702061668121843,6.1555905,0.81592256,0.58368796,29,436
85ab,1702061668621804,0.98465824,6.2683358,0.36241984,13,441
da02,1702061669123130,6.1405578,0.80816579,0.58885789,34,446
85ab,1702061669622656,0.98941094,6.2469344,0.3741729,15,451
da02,1702061670122626,6.1594133,0.81379789,0.5913735,30,456
85ab,1702061670622643,0.99658328,6.2708907,0.36970541,12,461
da02,1702061671122643,6.1611867,0.82298326,0.57996416,29,466
85ab,1702061671622636,1.0063865,6.267108,0.36729166,14,471
da02,1702061672122646,6.1592078,0.81375164,0.60125887,35,476
85ab,1702061672622654,0.99810022,6.2606297,0.37305388,13,481
da02,1702061673122682,6.16027,0.79615742,0.62532246,36,486
85ab,1702061673621894,0.997386,6.2398944,0.37754506,15,491
da02,1702061674121838,6.150341,0.81036806,0.58981121,28,496
85ab,1702061674623147,0.98484242,6.2593431,0.37154835,12,501
da02,1702061675123158,6.1227722,0.819479,0.56167406,30,506
85ab,1702061675622670,0.97877747,6.2612629,0.36457655,12,511
da02,1702061676122667,6.115653,0.82881534,0.56404597,32,516
85ab,1702061676622684,0.97021282,6.2501063,0.36463669,13,521
da02,1702061677122685,6.1233196,0.80573195,0.60714322,38,526
85ab,1702061677622676,0.97026139,6.2756634,0.360449,12,531
da02,1702061678122683,6.1407595,0.81174463,0.60648704,31,536
85ab,1702061678622708,0.98324478,6.268867,0.37159976,14,541
da02,1702061679122903,6.1382327,0.80170816,0.62136173,35,546
85ab,1702061679621852,0.9570933,6.2696238,0.37025738,12,551
da02,1702061680123162,6.1368861,0.80545163,0.58858752,29,556
85ab,1702061680622679,0.96292013,6.2696562,0.37497562,13,561
da02,1702061681122682,6.1384554,0.79904127,0.61093348,35,566
85ab,1702061681622694,0.96361357,6.2647314,0.38800564,14,571
da02,1702061682122709,6.1288009,0.81414473,0.601712,32,576
85ab,1702061682622682,0.96785188,6.2714877,0.38245308,13,581
da02,1702061683122703,6.1257596,0.82945955,0.57525176,29,586
85ab,1702061683622708,0.9746483,6.2548523,0.38610765,14,591
da02,1702061684122732,6.130127,0.81374031,0.60776639,36,596
85ab,1702061684623028,0.97758496,6.2479496,0.38583335,14,601
da02,1702061685121894,6.1284022,0.83185971,0.59729934,31,606
85ab,1702061685623161,0.98078382,6.2666311,0.38617584,13,611
da02,1702061686123180,6.1235976,0.83959782,0.61095995,34,616
85ab,1702061686622706,0.97856462,6.2650385,0.38272578,13,621
da02,1702061687122719,6.1284132,0.82907695,0.61331654,33,626
85ab,1702061687622592,0.98882568,6.2829118,0.37542343,12,631
da02,1702061688122724,6.141706,0.83241439,0.59568691,29,636
85ab,1702061688622696,0.98902565,6.269124,0.37137488,14,641
da02,1702061689122694,6.1369767,0.8281939,0.59184265,32,646
85ab,1702061689622764,0.99479294,6.2722378,0.377129,14,651
da02,1702061690122696,6.1408634,0.82907867,0.61856461,35,656
85ab,1702061690621844,0.99123639,6.2692432,0.376912,13,661
da02,1702061691123252,6.1556497,0.79534519,0.67800975,41,666
85ab,1702061691623106,0.99110675,6.2487245,0.38311478,15,671
da02,1702061692122682,6.1527953,0.80328482,0.65993482,32,676
85ab,1702061692622798,0.9933418,6.2473865,0.37156713,13,681
da02,1702061693122826,6.141242,0.82084662,0.62239224,29,686
85ab,1702061693622661,0.97240871,6.2464037,0.36384791,12,691
da02,1702061694122750,6.150486,0.82398105,0.62625337,32,696
85ab,1702061694622751,1.0187262,6.2617111,0.37956613,57,701
da02,1702061695121882,6.1562495,0.80323273,0.6481387,36,706
85ab,1702061695621924,1.0092335,6.2477937,0.37949151,14,711
da02,1702061696123214,6.1577878,0.80964452,0.640335,32,716
85ab,1702061696622714,1.0064937,6.2562609,0.37083432,13,721
da02,1702061697123284,6.153481,0.8106513,0.63916153,33,726
85ab,1702061697622740,0.99092674,6.2533259,0.37489566,13,731
da02,1702061698122686,6.1433773,0.81700087,0.6385141,34,736
85ab,1702061698622779,0.99929827,6.2467809,0.3709653,14,741
da02,1702061699122750,6.1468258,0.82378674,0.65063214,34,746
85ab,1702061699622685,1.0036224,6.2711949,0.368339,12,751
da02,1702061700122780,6.1513753,0.82000279,0.66228378,35,756
85ab,1702061700621943,1.0083753,6.2821479,0.36395159,13,761
da02,1702061701122695,6.1486092,0.82162565,0.62963295,30,766
85ab,1702061701622783,0.99237174,6.2659111,0.36813793,13,771
da02,1702061702122766,6.1308661,0.83144379,0.57721007,27,776
85ab,1702061702622717,0.99778366,6.2501006,0.37233442,14,781
da02,1702061703122792,6.1371412,0.83035874,0.58185208,32,786
85ab,1702061703622770,1.0021107,6.2582612,0.37539846,13,791
da02,1702061704122729,6.1333017,0.82689542,0.5769453,31,796
85ab,1702061704622790,1.0121379,6.2352161,0.37963334,15,801
da02,1702061705122781,6.1178193,0.837368,0.55574775,30,806
85ab,1702061705622747,1.0007131,6.224854,0.37635925,14,811
da02,1702061706121960,6.1359987,0.806201,0.59849149,37,816
85ab,1702061706622700,1.0057594,6.2198772,0.38457268,15,821
da02,1702061707122643,6.1331172,0.82350177,0.57123709,28,826
85ab,1702061707622792,0.99446517,6.2361679,0.37286872,12,831
da02,1702061708123322,6.13855,0.82042032,0.59867752,35,836
85ab,1702061708622743,0.97799766,6.2702241,0.35544929,11,841
da02,1702061709122806,6.1290178,0.83556372,0.59150356,31,846
85ab,1702061709622806,0.987972,6.2748981,0.36390629,13,851
da02,1702061710122738,6.136456,0.82176352,0.62617958,37,856
85ab,1702061710622752,0.99765486,6.2873211,0.3643927,13,861
da02,1702061711122770,6.13873,0.81848538,0.648286,36,866
85ab,1702061711622358,0.99126369,6.2625532,0.36878252,14,871
da02,1702061712121989,6.1374226,0.81574136,0.62339908,31,876
85ab,1702061712622734,0.99833262,6.243434,0.3790088,15,881
da02,1702061713122860,6.142149,0.80514717,0.62699556,34,886
85ab,1702061713622768,0.99314189,6.249598,0.38001302,13,891
da02,1702061714122812,6.1235251,0.80651093,0.59936816,31,896
85ab,1702061714622879,0.99539793,6.2511415,0.38192815,14,901
da02,1702061715122844,6.1571779,0.78880733,0.6814068,42,906
85ab,1702061715622830,0.97719306,6.2605858,0.37316927,12,911
da02,1702061716122728,6.1663251,0.79682255,0.69853008,36,916
85ab,1702061716623453,0.97629511,6.250989,0.37108085,13,921
da02,1702061717121906,6.1661444,0.79273158,0.67564696,32,926
85ab,1702061717622004,0.96286595,6.238091,0.37276646,13,931
da02,1702061718122866,6.1663074,0.78919214,0.64372671,30,936
85ab,1702061718622849,0.96687675,6.2497945,0.37676758,13,941
da02,1702061719123296,6.1579227,0.79755014,0.64436167,34,946
85ab,1702061719622849,0.96095365,6.2744708,0.36028472,11,951
da02,1702061720122860,6.1574864,0.80046034,0.63835365,33,956
85ab,1702061720622840,0.969526,6.2804995,0.35740587,13,961
da02,1702061721122864,6.1587539,0.79187632,0.63454276,33,966
85ab,1702061721623387,0.95711011,6.2730594,0.35233697,12,971
da02,1702061722123016,6.1626396,0.796668,0.63379925,33,976
85ab,1702061722622094,0.958603,6.2711105,0.35997102,13,981
da02,1702061723122031,6.1598692,0.80450207,0.63668084,33,986
85ab,1702061723622805,0.95538169,6.2945271,0.35600802,11,991
da02,1702061724123076,6.1640792,0.79104054,0.651341,36,996
85ab,1702061724622884,0.95337725,6.286664,0.35582834,12,1001
da02,1702061725122886,6.1437869,0.80301565,0.63981384,33,1006
85ab,1702061725622774,0.95726043,6.291029,0.35870171,12,1011
da02,1702061726122720,6.1360145,0.815615,0.61352211,30,1016
85ab,1702061726622874,0.96261078,6.279644,0.37768409,14,1021
da02,1702061727122850,6.1479149,0.805019,0.6058346,31,1026
85ab,1702061727622831,0.95591021,6.2561054,0.37638065,13,1031
da02,1702061728122078,6.1264443,0.81447816,0.560728,28,1036
85ab,1702061728622097,0.95745683,6.2629175,0.365692,12,1041
da02,1702061729122808,6.1223168,0.8238287,0.5482071,30,1046
85ab,1702061729622976,0.96798331,6.2493911,0.36962038,14,1051
da02,1702061730123462,6.1279345,0.82362515,0.59491968,37,1056
85ab,1702061730622910,0.96694636,6.2449493,0.35979062,13,1061
da02,1702061731122953,6.1305151,0.83946764,0.58782876,30,1066
85ab,1702061731622875,0.96706372,6.273767,0.35856077,11,1071
da02,1702061732123436,6.1336269,0.844469,0.58312392,31,1076
85ab,1702061732622910,0.9527002,6.2661891,0.35409313,12,1081
da02,1702061733122948,6.1432295,0.81998605,0.59881926,34,1086
85ab,1702061733622144,0.95065486,6.2616258,0.35403186,13,1091
da02,1702061734122083,6.1376982,0.85146433,0.57679671,28,1096
85ab,1702061734622925,0.95492953,6.260026,0.35455462,13,1101
da02,1702061735122940,6.1346951,0.84160048,0.57187217,31,1106
85ab,1702061735622930,0.9442842,6.3085914,0.34122539,13,1111
da02,1702061736122960,6.1217852,0.86401927,0.55634928,29,1116
85ab,1702061736623022,0.94977444,6.2889514,0.34830904,13,1121
da02,1702061737122941,6.13357,0.84570414,0.58878922,35,1126
85ab,1702061737623417,0.95996523,6.2984009,0.35371563,12,1131
da02,1702061738123016,6.133594,0.84529579,0.61026639,34,1136
85ab,1702061738622964,0.9637028,6.2746177,0.36105579,14,1141
da02,1702061739122148,6.1424217,0.82837355,0.63603956,36,1146
85ab,1702061739622128,0.9654718,6.2745481,0.35588071,12,1151
da02,1702061740122949,6.1306767,0.840686,0.61533356,31,1156
85ab,1702061740622981,0.96338707,6.2919397,0.36100072,12,1161
da02,1702061741123484,6.1125617,0.84843028,0.6006583,32,1166
85ab,1702061741622958,0.96618623,6.3014736,0.36385167,12,1171
da02,1702061742122997,6.1114745,0.85003656,0.607841,33,1176
85ab,1702061742623440,0.96152431,6.2672043,0.36656871,14,1181
da02,1702061743122980,6.109282,0.85392225,0.61399519,33,1186
85ab,1702061743622991,0.95141351,6.2786946,0.36089566,11,1191
da02,1702061744123236,6.11211,0.83851755,0.63305223,36,1196
85ab,1702061744622191,0.95649695,6.2832117,0.36474708,13,1201
da02,1702061745122141,6.1292453,0.83551127,0.647638,34,1206
85ab,1702061745622993,0.95417565,6.2895694,0.36265755,12,1211
da02,1702061746123018,6.1417,0.82370687,0.66132075,35,1216
85ab,1702061746623010,0.96152556,6.279161,0.36475819,13,1221
da02,1702061747123020,6.1721416,0.79684633,0.72613835,42,1226
85ab,1702061747623493,0.96628582,6.2665997,0.37036392,14,1231
da02,1702061748123030,6.1639423,0.78139496,0.71860063,37,1236
85ab,1702061748623021,0.96519065,6.2810974,0.36191043,12,1241
da02,1702061749123014,6.1366973,0.82384545,0.69641042,33,1246
85ab,1702061749623091,0.95968914,6.2596869,0.3617231,13,1251
da02,1702061750123192,6.1278443,0.81478488,0.6822027,35,1256
85ab,1702061750622200,0.94310552,6.2757359,0.35490915,11,1261
da02,1702061751123030,6.1458855,0.79584664,0.73051322,41,1266
85ab,1702061751623017,0.94383591,6.2694869,0.35322911,13,1271
da02,1702061752123562,6.1401935,0.79738253,0.69958603,33,1276
85ab,1702061752623034,0.96627229,6.2770171,0.36458611,14,1281
da02,1702061753123500,6.1305366,0.82013708,0.66125596,30,1286
85ab,1702061753623023,0.97192788,6.267487,0.37843722,14,1291
da02,1702061754123039,6.1459894,0.81509775,0.67152488,35,1296
85ab,1702061754623161,0.963235,6.2758117,0.3698127,12,1301
da02,1702061755122192,6.150269,0.81943792,0.65487933,32,1306
85ab,1702061755623443,0.96766776,6.293139,0.35673609,11,1311
da02,1702061756124671,6.1637282,0.81903374,0.66614693,34,1316
85ab,1702061756623044,0.97483885,6.2730403,0.36897951,14,1321
da02,1702061757123053,6.1545491,0.82597113,0.65523875,33,1326
85ab,1702061757623035,1.003009,6.2479768,0.38500756,16,1331
da02,1702061758123532,6.1294732,0.85262,0.60886353,28,1336
85ab,1702061758623044,0.9876343,6.242095,0.38162568,13,1341
da02,1702061759123060,6.1222172,0.8520633,0.61521477,34,1346
85ab,1702061759623073,0.97392571,6.2658267,0.36895514,11,1351
da02,1702061760123090,6.1181879,0.83348167,0.62414825,35,1356
85ab,1702061760622216,0.97671515,6.2620549,0.36806223,13,1361
da02,1702061761122224,6.1195841,0.83212024,0.61915141,33,1366
85ab,1702061761623075,0.96427149,6.2609019,0.36583212,12,1371
da02,1702061762123079,6.1276112,0.83111209,0.63387108,34,1376
85ab,1702061762623067,0.95384818,6.2701616,0.36037439,12,1381
da02,1702061763124126,6.136744,0.8245331,0.63641959,33,1386
85ab,1702061763623068,0.95582032,6.2591519,0.36656439,13,1391
da02,1702061764123089,6.151711,0.80305743,0.70207745,42,1396
85ab,1702061764623070,0.95149356,6.2479672,0.37106156,13,1401
da02,1702061765123090,6.1499777,0.79583317,0.713291,38,1406
85ab,1702061765623106,0.95338804,6.2554026,0.36450171,12,1411
da02,1702061766122140,6.140871,0.80366325,0.709595,36,1416
85ab,1702061766622116,0.94799471,6.2724361,0.34647578,11,1421
da02,1702061767122925,6.1352949,0.81242764,0.69206566,34,1426
85ab,1702061767622945,0.95580775,6.2741747,0.34948617,13,1431
da02,1702061768122944,6.1292477,0.82773596,0.67293251,33,1436
85ab,1702061768622950,0.96262938,6.2736044,0.36491948,13,1
da02,1702061769122936,6.1355238,0.81679833,0.64796138,32,6
85ab,1702061769622930,0.96379232,6.2738857,0.37310949,13,11
da02,1702061770123096,6.1323652,0.8267377,0.66349775,36,16
85ab,1702061770623070,0.95897394,6.2763886,0.36529732,12,21
da02,1702061771123112,6.1312613,0.83248383,0.63875115,31,26
85ab,1702061771622256,0.96441931,6.273344,0.36368975,13,31
da02,1702061772122222,6.1441889,0.8180756,0.65238345,35,36
85ab,1702061772623038,0.97282737,6.2632136,0.36714774,14,41
da02,1702061773123078,6.145751,0.82413626,0.639411,32,46
85ab,1702061773623517,0.96754849,6.2586932,0.36618149,13,51
da02,1702061774123558,6.1490107,0.80186242,0.64924663,36,56
85ab,1702061774623070,0.96981943,6.2599311,0.35991558,13,61
da02,1702061775123078,6.1440806,0.80122113,0.63541591,33,66
85ab,1702061775623061,0.96854943,6.2506423,0.36415315,13,71
da02,1702061776123094,6.1532235,0.807539,0.64941078,34,76
85ab,1702061776623082,0.98973781,6.2467456,0.3715331,15,81
da02,1702061777122214,6.1403055,0.81377155,0.6600014,36,86
85ab,1702061777622280,0.98353457,6.2372622,0.37009305,14,91
da02,1702061778123076,6.1411514,0.81554568,0.69396812,39,96
85ab,1702061778623065,0.97921222,6.2670517,0.35981232,11,101
da02,1702061779123552,6.153964,0.79133129,0.67976934,34,106
85ab,1702061779623073,0.97672534,6.2502646,0.36259565,14,111
da02,1702061780123091,6.1567664,0.77727038,0.64148659,30,116
85ab,1702061780623112,0.96863431,6.2353268,0.36957508,14,121
da02,1702061781123092,6.1421885,0.8090775,0.59118915,27,126
85ab,1702061781623078,0.97124237,6.2363768,0.37421989,14,131
da02,1702061782123123,6.1383944,0.81067353,0.59565568,33,136
85ab,1702061782622301,0.9707008,6.2486758,0.36999762,12,141
da02,1702061783122260,6.1418633,0.82369363,0.60850489,33,146
85ab,1702061783623121,0.973543,6.2344089,0.37651929,14,151
da02,1702061784123330,6.1323295,0.84487861,0.60455412,32,156
85ab,1702061784623063,0.99412262,6.2129073,0.38672248,16,161
da02,1702061785123668,6.1455846,0.8232376,0.61482978,34,166
85ab,1702061785623052,1.0253497,6.1680317,0.29458877,67,171
da02,1702061786123108,6.1457605,0.83124477,0.58647931,28,176
85ab,1702061786623166,1.0234263,6.1721249,0.32183406,15,181
da02,1702061787123076,6.1429448,0.83180219,0.58433115,31,186
85ab,1702061787623133,0.98760021,6.1765819,0.3390063,13,191
da02,1702061788122342,6.1508026,0.82328969,0.60281634,34,196
85ab,1702061788622333,0.98626679,6.2082133,0.33963382,12,201
da02,1702061789123142,6.1501927,0.83759415,0.61676353,33,206
85ab,1702061789623651,0.9866752,6.2147861,0.34915158,14,211
da02,1702061790123078,6.1371908,0.85021025,0.60797554,32,216
85ab,1702061790623178,0.992755,6.2260184,0.35540813,14,221
da02,1702061791123174,6.1254077,0.84423995,0.6076476,33,226
85ab,1702061791623070,0.98311,6.2338285,0.3700417,13,231
da02,1702061792123150,6.1154222,0.83906877,0.61470914,35,236
85ab,1702061792623197,0.99045885,6.2275743,0.3743858,14,241
da02,1702061793123104,6.121738,0.83588386,0.60184723,31,246
85ab,1702061793622343,0.99118429,6.2235875,0.38469878,14,251
da02,1702061794122347,6.1380329,0.82727659,0.61852396,34,256
85ab,1702061794623563,0.99856275,6.2124104,0.39740252,15,261
da02,1702061795123151,6.1553073,0.80189562,0.66123295,38,266
85ab,1702061795623204,0.9915238,6.225913,0.39180103,13,271
da02,1702061796123632,6.1567416,0.8003847,0.68631303,37,276
85ab,1702061796623161,0.98888439,6.2286134,0.38190287,13,281
da02,1702061797123193,6.1529193,0.80461085,0.67874122,34,286
85ab,1702061797623110,0.96972376,6.2341237,0.38058063,12,291
da02,1702061798123230,6.1586637,0.79475546,0.68782663,36,296
85ab,1702061798623198,0.97658354,6.2278023,0.38733175,14,301
da02,1702061799122557,6.1574144,0.80351186,0.66719759,32,306
85ab,1702061799622376,0.95980638,6.2273822,0.38116497,13,311
da02,1702061800123245,6.1511164,0.81502157,0.64869195,32,316
85ab,1702061800623170,0.96179318,6.2175989,0.3808769,14,321
da02,1702061801123204,6.1520576,0.80187136,0.6680485,37,326
85ab,1702061801623206,0.97010428,6.2436328,0.37502629,12,331
da02,1702061802123116,6.1547146,0.81758159,0.68391448,35,336
85ab,1702061802623061,0.97633761,6.2339611,0.38053757,14,341
da02,1702061803123213,6.1613832,0.81841689,0.6736117,33,346
85ab,1702061803623086,0.95412344,6.2433252,0.37392244,12,351
da02,1702061804123107,6.1438055,0.8212741,0.66195881,34,356
85ab,1702061804622533,0.9505952,6.2168636,0.38274878,15,361
da02,1702061805122315,6.1398997,0.81175053,0.65815437,35,366
85ab,1702061805623116,0.95912731,6.2144418,0.39038277,14,371
da02,1702061806123196,6.1559515,0.80657291,0.66570115,34,376
85ab,1702061806623104,0.96274579,6.241138,0.37580121,12,381
da02,1702061807123750,6.1443062,0.82032979,0.63128752,30,386
85ab,1702061807623126,0.97297657,6.2533741,0.37471926,13,391
da02,1702061808123250,6.1372261,0.82784563,0.62861454,33,396
85ab,1702061808623169,0.97025663,6.2699156,0.36160198,12,401
da02,1702061809123125,6.1341391,0.83417076,0.61058944,31,406
85ab,1702061809623686,0.98394126,6.25604,0.37723225,15,411
da02,1702061810122535,6.1318517,0.82231295,0.61742872,34,416
85ab,1702061810622337,0.96819812,6.2884679,0.36748743,10,421
da02,1702061811123794,6.1151438,0.84014481,0.58043367,29,426
85ab,1702061811623257,0.96954894,6.2707844,0.36721811,14,431
da02,1702061812123155,6.11726,0.8063215,0.62150955,39,436
85ab,1702061812623108,0.9618687,6.25084,0.36564535,13,441
da02,1702061813123255,6.1221857,0.81156051,0.64380366,36,446
85ab,1702061813623212,0.95531559,6.264874,0.3608976,12,451
da02,1702061814123318,6.1396918,0.80849582,0.62621748,30,456
85ab,1702061814623326,0.9518643,6.2918696,0.35172704,11,461
da02,1702061815122380,6.1464152,0.79464275,0.63943958,35,466
85ab,1702061815623275,0.950405,6.2827086,0.35046205,12,471
da02,1702061816123208,6.15357,0.7895264,0.63032562,32,476
85ab,1702061816623684,0.94818133,6.2492876,0.36280206,14,481
da02,1702061817123319,6.1561003,0.80885392,0.59740669,28,486
85ab,1702061817623138,0.95854247,6.2652946,0.3548328,12,491
da02,1702061818123891,6.1576967,0.80554259,0.66528064,41,496
85ab,1702061818623276,0.97305548,6.2737484,0.35976106,13,501
da02,1702061819123182,6.1270013,0.84522146,0.627434,30,506
85ab,1702061819623240,0.95531905,6.2817588,0.35572812,11,511
da02,1702061820123498,6.1138372,0.85155267,0.6110124,32,516
85ab,1702061820622385,0.96304381,6.2783413,0.36353305,13,521
da02,1702061821122400,6.1128364,0.8396129,0.61140203,34,526
85ab,1702061821623293,0.96167356,6.2562385,0.36772129,14,531
da02,1702061822123214,6.1067328,0.83786845,0.60960972,33,536
85ab,1702061822623152,0.95993668,6.2526226,0.36454672,13,541
da02,1702061823123284,6.1096129,0.82349724,0.602916,33,546
85ab,1702061823623236,0.9705447,6.2905817,0.35498071,12,551
da02,1702061824123276,6.11735,0.82774574,0.61400288,33,556
85ab,1702061824623264,0.97380233,6.2877836,0.35634965,13,561
da02,1702061825123278,6.141398,0.81794029,0.6000731,30,566
85ab,1702061825623328,0.98229903,6.2594509,0.37502486,15,571
da02,1702061826122460,6.1392226,0.82450366,0.5865984,30,576
85ab,1702061826622447,0.98234576,6.2690978,0.36306712,12,581
da02,1702061827123769,6.1377149,0.81820208,0.58759868,32,586
85ab,1702061827623285,0.9783206,6.2716708,0.36048877,12,591
da02,1702061828123282,6.1180959,0.823345,0.5696317,31,596
85ab,1702061828623310,0.97671723,6.2710638,0.36270267,13,601
da02,1702061829123821,6.1336622,0.81880057,0.62261432,38,606
85ab,1702061829623311,0.97443122,6.2717328,0.36350641,13,611
da02,1702061830123350,6.1506796,0.8103106,0.64052308,34,616
85ab,1702061830623313,0.97887927,6.2624254,0.36754879,14,621
da02,1702061831123363,6.1472659,0.79453534,0.66606718,38,626
85ab,1702061831622515,0.97751194,6.2603436,0.36810344,13,631
da02,1702061832122486,6.1374145,0.78514147,0.65816951,35,636
85ab,1702061832623785,0.96888727,6.2531848,0.36712497,13,641
da02,1702061833124997,6.1404672,0.790263,0.70480371,40,646
85ab,1702061833623310,0.96818376,6.238627,0.37496185,14,651
da02,1702061834123362,6.1498642,0.77584594,0.740104,41,656
85ab,1702061834623352,0.98464286,6.2672338,0.36871174,12,661
da02,1702061835123337,6.15854,0.77508867,0.72134846,34,666
85ab,1702061835623375,0.96958327,6.2674618,0.35585296,12,671
da02,1702061836123385,6.1550283,0.76838523,0.72841072,38,676
85ab,1702061836623400,0.95311946,6.26076,0.35302874,12,681
da02,1702061837122495,6.1612215,0.77206868,0.72610843,36,686
85ab,1702061837622519,0.95819205,6.263586,0.35569724,13,691
da02,1702061838123858,6.1682057,0.76429844,0.71960121,36,696
85ab,1702061838623367,0.96312785,6.2521229,0.35885984,14,701
da02,1702061839123381,6.1598563,0.77484483,0.68935776,32,706
85ab,1702061839623386,0.96927464,6.2478561,0.36756307,14,711
da02,1702061840123887,6.1668139,0.76897013,0.68367964,34,716
85ab,1702061840623378,0.96526033,6.2400513,0.36782169,13,721
da02,1702061841123394,6.1628594,0.75832397,0.69149822,37,726
85ab,1702061841623382,0.9723289,6.2406206,0.372956,14,731
da02,1702061842123410,6.1603875,0.77193379,0.67153007,32,736
85ab,1702061842622563,0.97754884,6.2424245,0.3844226,14,741
da02,1702061843122579,6.1458097,0.78306043,0.6405319,31,746
85ab,1702061843623874,0.98763543,6.2428188,0.38946217,14,751
da02,1702061844124294,6.1500225,0.782386,0.66207534,36,756
85ab,1702061844623357,0.97392654,6.2382264,0.3840307,13,761
da02,1702061845123402,6.141521,0.8025744,0.63378292,31,766
85ab,1702061845623418,0.97591865,6.251317,0.38239953,13,771
da02,1702061846123394,6.1487632,0.79357642,0.64563364,35,776
85ab,1702061846623404,0.96333426,6.2397242,0.3783772,13,781
da02,1702061847123412,6.1342149,0.795022,0.63296717,33,786
85ab,1702061847623589,0.96443909,6.2346478,0.37593469,13,791
da02,1702061848122606,6.1409297,0.78941059,0.63792759,34,796
85ab,1702061848622571,0.9500556,6.2418971,0.35984769,11,801
da02,1702061849123888,6.1417546,0.803167,0.61241883,30,806
85ab,1702061849623411,0.952228,6.2276669,0.3723422,14,811
da02,1702061850123422,6.1350513,0.82066488,0.59301209,30,816
85ab,1702061850623432,0.969451,6.2375059,0.37201107,14,821
da02,1702061851124059,6.1331077,0.82383573,0.60705656,34,826
85ab,1702061851623428,0.96864951,6.2491035,0.36682856,12,831
da02,1702061852123436,6.1229944,0.83802754,0.58802605,30,836
85ab,1702061852623420,0.97735721,6.2787452,0.36602396,12,841
da02,1702061853123519,6.1106949,0.83289015,0.57921374,32,846
85ab,1702061853622741,0.97283494,6.2851229,0.35462815,12,851
da02,1702061854122599,6.1221271,0.83221525,0.55360049,28,856
85ab,1702061854623896,1.0083864,6.2636914,0.38348395,56,861
da02,1702061855123432,6.1102166,0.81745195,0.56811255,35,866
85ab,1702061855623440,1.0865257,6.1733971,0.18361625,66,871
da02,1702061856123462,6.1048884,0.8318513,0.53340244,27,876
85ab,1702061856623441,1.0546621,6.2062459,0.22174586,12,881
da02,1702061857123447,6.1135678,0.83956617,0.52119803,28,886
85ab,1702061857623448,1.0270869,6.2179241,0.25834051,13,891
da02,1702061858123456,6.1289654,0.82898438,0.56831151,35,896
85ab,1702061858623470,1.0184821,6.2139544,0.28350282,14,901
da02,1702061859122781,6.1366138,0.8074984,0.59329206,35,906
85ab,1702061859622614,1.0148317,6.2396388,0.29937643,12,911
da02,1702061860124110,6.2553382,0.67208362,0.92760104,67,916
85ab,1702061860623464,0.99905169,6.2387743,0.31613076,13,921
da02,1702061861123470,6.2233739,0.71129328,0.86571789,35,926
85ab,1702061861623463,0.99917948,6.2684841,0.32028991,12,931
da02,1702061862124026,6.1925464,0.7393859,0.79685336,33,936
85ab,1702061862623469,0.9909029,6.2781072,0.33017251,12,941
da02,1702061863123489,6.1786656,0.74687415,0.77731049,37,946
85ab,1702061863623490,0.99624944,6.292417,0.33793089,12,951
da02,1702061864123505,6.168901,0.76572311,0.70002145,28,956
85ab,1702061864622808,0.99909216,6.2830958,0.35784492,14,961
da02,1702061865122638,6.1769371,0.76836914,0.68493426,33,966
85ab,1702061865624052,1.0013142,6.2546816,0.37253013,15,971
da02,1702061866123476,6.1597557,0.78104472,0.66716516,33,976
85ab,1702061866623479,0.99612731,6.2684679,0.36940241,12,981
da02,1702061867123491,6.1513934,0.798672,0.64043087,31,986
85ab,1702061867623467,0.98908442,6.2571731,0.36483759,13,991
da02,1702061868123507,6.1470385,0.82067966,0.59247869,27,996
85ab,1702061868623892,0.98545927,6.242867,0.37782252,14,1001
da02,1702061869123507,6.1462178,0.82362711,0.60787427,34,1006
85ab,1702061869623520,0.98814023,6.2365856,0.3884066,14,1011
da02,1702061870122832,6.1461782,0.8139599,0.61226434,33,1016
85ab,1702061870622641,0.98289734,6.2372842,0.39783308,14,1021
da02,1702061871124048,6.1500554,0.80670947,0.61222655,33,1026
85ab,1702061871623495,0.96027362,6.2318206,0.37625906,12,1031
da02,1702061872123517,6.1497464,0.81606251,0.60821319,32,1036
85ab,1702061872623494,0.96285063,6.2313733,0.375066,13,1041
da02,1702061873124079,6.1490879,0.80152863,0.63897896,37,1046
85ab,1702061873623497,0.97193027,6.2450504,0.37801906,13,1051
da02,1702061874123558,6.1454916,0.78967524,0.6595065,37,1056
85ab,1702061874623522,0.98272067,6.2589841,0.37818864,13,1061
da02,1702061875122674,6.1260319,0.81063944,0.63030839,31,1066
85ab,1702061875623524,0.97526896,6.282433,0.37264389,11,1071
da02,1702061876124051,6.1271429,0.80196846,0.63154715,34,1076
85ab,1702061876623534,0.9657408,6.2836366,0.36655179,12,1081
da02,1702061877123543,6.1335406,0.80467069,0.61857259,31,1086
85ab,1702061877623511,0.96653312,6.2552347,0.37859064,15,1091
da02,1702061878123545,6.1421876,0.79351914,0.62758505,34,1096
85ab,1702061878623523,0.96754527,6.2444706,0.37841296,14,1101
da02,1702061879123533,6.1640024,0.77683794,0.65339047,36,1106
85ab,1702061879623532,0.95957303,6.2781267,0.36512324,11,1111
da02,1702061880123560,6.1544743,0.78022724,0.65461856,35,1116
85ab,1702061880622698,0.96595067,6.2534385,0.371637,14,1121
da02,1702061881123141,6.1563106,0.78031909,0.65158421,34,1126
85ab,1702061881624155,0.96927476,6.2678285,0.36582157,12,1131
da02,1702061882123542,6.1497154,0.77950752,0.6591956,36,1136
85ab,1702061882623527,0.955829,6.2501559,0.36291149,13,1141
da02,1702061883123549,6.1523657,0.771433,0.67478245,37,1146
85ab,1702061883623541,0.95730591,6.243032,0.36886731,14,1151
da02,1702061884124142,6.1565003,0.7763347,0.68586296,36,1156
85ab,1702061884623552,0.95926279,6.2399092,0.36214569,13,1161
da02,1702061885123564,6.1492929,0.79037952,0.66507703,32,1166
85ab,1702061885623577,0.96679932,6.2482333,0.3615481,13,1171
da02,1702061886122717,6.14972,0.78667623,0.67433321,36,1176
85ab,1702061886624096,0.95649475,6.2463388,0.35957053,12,1181
da02,1702061887123530,6.1390195,0.77832866,0.65933371,34,1186
85ab,1702061887623570,0.97044331,6.2550211,0.36428523,13,1191
da02,1702061888123609,6.15351,0.78245014,0.67342317,35,1196
85ab,1702061888623558,0.96576047,6.2796512,0.35541856,11,1201
da02,1702061889123628,6.1534662,0.76547378,0.68048596,37,1206
85ab,1702061889623572,0.96734285,6.2950082,0.34924442,12,1211
da02,1702061890123593,6.1465173,0.77953583,0.67011058,34,1216
85ab,1702061890623580,0.96815258,6.2731862,0.35680857,14,1221
da02,1702061891123621,6.15882,0.77937746,0.69988251,38,1226
85ab,1702061891622652,0.96994895,6.2744579,0.34886491,12,1231
da02,1702061892122993,6.14797,0.790432,0.66132027,31,1236
85ab,1702061892623432,0.952643,6.2668438,0.34985209,12,1241
da02,1702061893123533,6.1334348,0.79826349,0.63927954,32,1246
85ab,1702061893623518,0.96545225,6.2623968,0.35467052,14,1251
da02,1702061894123561,6.1444044,0.77955437,0.66350186,37,1256
85ab,1702061894623555,0.9659825,6.2596197,0.35938087,13,1261
da02,1702061895124162,6.1519017,0.77855736,0.66799921,35,1266
85ab,1702061895623451,0.96212924,6.2606258,0.35197997,12,1271
da02,1702061896123455,6.1389008,0.80425286,0.63552016,30,1276
85ab,1702061896623562,0.96311527,6.2722135,0.35394004,12,1281
da02,1702061897122706,6.1356964,0.81831843,0.609873,30,1286
85ab,1702061897622997,0.9614464,6.2764091,0.34513593,12,1291
da02,1702061898123573,6.1427732,0.82274604,0.61368626,32,1296
85ab,1702061898623539,0.96510363,6.2624407,0.35995704,14,1301
da02,1702061899123578,6.1458,0.81326973,0.644178,37,1306
85ab,1702061899623564,0.94788826,6.2884398,0.35204655,10,1311
da02,1702061900123582,6.1600032,0.81808883,0.64221561,32,1316
85ab,1702061900623564,0.95277011,6.2759271,0.36256272,13,1321
da02,1702061901123578,6.1502128,0.83482361,0.64461708,33,1326
85ab,1702061901623638,0.94995517,6.264174,0.36439598,13,1331
da02,1702061902123598,6.154696,0.80831385,0.65211982,35,1336
85ab,1702061902623105,0.95299053,6.2712259,0.35597882,12,1341
da02,1702061903123041,6.162334,0.79148233,0.66496235,36,1346
85ab,1702061903623595,0.9508332,6.2779045,0.3552936,12,1351
da02,1702061904124022,6.1467252,0.80499429,0.62941515,30,1356
85ab,1702061904623546,0.95756024,6.2607784,0.36335227,14,1361
da02,1702061905123585,6.1608868,0.79944581,0.63858491,33,1366
85ab,1702061905623607,0.96806085,6.267972,0.3609215,13,1371
da02,1702061906124162,6.1551037,0.80704576,0.62556565,32,1376
85ab,1702061906623590,0.96898246,6.2628126,0.36892056,13,1381
da02,1702061907123592,6.14865,0.817431,0.62287343,33,1386
85ab,1702061907624155,0.967261,6.2311621,0.37337136,15,1391
da02,1702061908122794,6.152338,0.80778128,0.62887406,34,1396
85ab,1702061908622774,0.9831425,6.2299023,0.38431546,15,1401
da02,1702061909123584,6.1528416,0.813062,0.61951977,32,1406
85ab,1702061909623591,0.96732241,6.23399,0.37289998,12,1411
da02,1702061910125244,6.1477623,0.82327247,0.62149554,33,1416
85ab,1702061910623614,0.95982105,6.2325807,0.36772493,13,1421
da02,1702061911123636,6.1429639,0.84083396,0.60869652,31,1426
85ab,1702061911623614,0.97700346,6.2247014,0.37603161,15,1431
da02,1702061912123612,6.1455107,0.84720105,0.62343138,33,1436
85ab,1702061912624134,0.972778,6.2311897,0.38135567,13,1
da02,1702061913123636,6.1435223,0.8251195,0.62638551,34,6
85ab,1702061913622829,0.98157853,6.2380385,0.38201472,14,11
da02,1702061914122776,6.1491694,0.81708819,0.61151338,31,16
85ab,1702061914623624,0.97628379,6.2364564,0.37945423,13,21
da02,1702061915123600,6.1570344,0.80933028,0.61903149,33,26
85ab,1702061915623613,0.98345721,6.2518277,0.37966543,13,31
da02,1702061916123648,6.1641617,0.80464804,0.66690379,39,36
85ab,1702061916623625,0.98663867,6.2488832,0.38777328,14,41
da02,1702061917124224,6.1587753,0.80510706,0.6481756,32,46
85ab,1702061917624158,0.9804132,6.2713356,0.37786403,12,51
da02,1702061918123610,6.1499286,0.79645681,0.64269227,34,56
85ab,1702061918623637,0.98045158,6.2719369,0.37632808,13,61
da02,1702061919122940,6.148643,0.79751873,0.66329545,37,66
85ab,1702061919622819,0.96966791,6.2543497,0.37269109,13,71
da02,1702061920123644,6.1615467,0.80025429,0.656073,32,76
85ab,1702061920623648,0.96593237,6.2489676,0.36905232,13,81
da02,1702061921123630,6.1547518,0.79079777,0.64866984,34,86
85ab,1702061921623647,0.97171015,6.28005,0.36697549,12,91
da02,1702061922123642,6.1471686,0.80994636,0.63843292,32,96
85ab,1702061922624180,0.9792791,6.2752314,0.3757624,14,101
da02,1702061923123636,6.1376724,0.8086307,0.63546908,34,106
85ab,1702061923623652,0.97234869,6.2700806,0.37583351,13,111
da02,1702061924123672,6.1101284,0.82715935,0.59102315,29,116
85ab,1702061924622988,0.97011489,6.265245,0.37081036,13,121
da02,1702061925122838,6.111331,0.82471973,0.62150794,37,126
85ab,1702061925623680,0.97522062,6.2492,0.38130617,14,131
da02,1702061926123674,6.1317677,0.81477934,0.61263204,31,136
85ab,1702061926623684,0.97655714,6.2418971,0.3835758,14,141
da02,1702061927123663,6.1185179,0.82068676,0.592282,31,146
85ab,1702061927623649,0.97939295,6.2422867,0.38132456,13,151
da02,1702061928124830,6.12202,0.82005131,0.59719539,33,156
85ab,1702061928623662,0.95975834,6.2594647,0.36478189,11,161
da02,1702061929123665,6.1250491,0.82471877,0.60436773,33,166
85ab,1702061929623678,0.97003388,6.2746124,0.36240873,12,171
da02,1702061930123007,6.140099,0.82947862,0.64030844,36,176
85ab,1702061930622861,0.967016,6.2913923,0.34629911,11,181
da02,1702061931123690,6.1370635,0.82125872,0.635202,33,186
85ab,1702061931623674,0.95850134,6.2678289,0.35011056,13,191
da02,1702061932123692,6.1353512,0.81986135,0.61190003,31,196
85ab,1702061932623692,0.9607693,6.25364,0.35952386,14,201
da02,1702061933123676,6.1412,0.80760109,0.62407553,34,206
85ab,1702061933624629,0.96176183,6.2616234,0.35849774,12,211
da02,1702061934123696,6.1605167,0.79291636,0.67356563,39,216
85ab,1702061934624106,0.96336669,6.2429647,0.35591441,14,221
da02,1702061935122875,6.1475191,0.79271293,0.66392946,34,226
85ab,1702061935623725,0.95899028,6.266479,0.35105562,11,231
da02,1702061936123694,6.139143,0.79323673,0.65740985,34,236
85ab,1702061936623691,0.959719,6.2798734,0.34777638,12,241
da02,1702061937123716,6.1356044,0.80393475,0.65780193,34,246
85ab,1702061937623686,0.94542,6.2848377,0.33540106,11,251
da02,1702061938123784,6.1495018,0.79223019,0.68433404,37,256
85ab,1702061938624313,0.95632583,6.2721086,0.35293534,14,261
da02,1702061939124296,6.1332631,0.8168329,0.67163867,34,266
85ab,1702061939623732,0.96379888,6.2654986,0.36336753,14,271
da02,1702061940123739,6.1545162,0.81081665,0.67137212,33,276
85ab,1702061940622908,0.95428455,6.271512,0.35290286,11,281
da02,1702061941122919,6.1369686,0.82285804,0.63893795,31,286
85ab,1702061941623724,0.95656681,6.2708106,0.352099,13,291
da02,1702061942123727,6.1369371,0.81273365,0.64380455,35,296
85ab,1702061942623726,0.96107107,6.25643,0.36702982,14,301
da02,1702061943123740,6.138761,0.82302624,0.63718593,32,306
85ab,1702061943624306,0.95442039,6.2783089,0.35240042,11,311
da02,1702061944123768,6.1329756,0.82001358,0.64034128,35,316
85ab,1702061944623748,0.96133268,6.2666588,0.35966447,14,321
da02,1702061945123803,6.1274309,0.73764127,0.61236328,64,326
85ab,1702061945623754,0.98202968,6.2674532,0.36363789,14,331
da02,1702061946122928,6.1308932,0.76283324,0.57916284,28,336
85ab,1702061946622904,0.97879124,6.2529397,0.36863622,14,341
da02,1702061947123746,6.1443005,0.77546632,0.61313337,35,346
85ab,1702061947623752,1.0044858,6.2501483,0.37207168,15,351
da02,1702061948123738,6.1621985,0.78047752,0.6298998,33,356
85ab,1702061948623754,0.99790245,6.2598605,0.36109278,12,361
da02,1702061949124348,6.1607556,0.76652408,0.65141708,37,366
85ab,1702061949623749,0.97873092,6.2662888,0.35501885,12,371
da02,1702061950124394,6.1501913,0.79001647,0.63123405,31,376
85ab,1702061950623774,0.9788599,6.2583423,0.35971171,13,381
da02,1702061951123796,6.1521459,0.77878881,0.64754772,36,386
85ab,1702061951622961,0.97641397,6.2595253,0.36098117,13,391
da02,1702061952122944,6.1474366,0.79381847,0.61832452,30,396
85ab,1702061952623760,0.97533303,6.2372708,0.36790526,14,401
da02,1702061953123792,6.137085,0.81727993,0.5960511,30,406
85ab,1702061953623800,0.97485226,6.2336473,0.37111288,14,411
da02,1702061954124351,6.1347308,0.82220703,0.59819788,32,416
85ab,1702061954623757,0.9892109,6.2302322,0.38199052,15,421
da02,1702061955123804,6.1318951,0.82499242,0.61180317,34,426
85ab,1702061955623784,1.0066817,6.2232175,0.38720694,15,431
da02,1702061956123784,6.1508465,0.81780905,0.64708561,36,436
85ab,1702061956623803,0.99038881,6.2302351,0.38093302,13,441
da02,1702061957122940,6.1546626,0.81946331,0.63025337,31,446
85ab,1702061957622972,0.98714674,6.2297544,0.38896787,14,451
da02,1702061958123800,6.1529655,0.8227697,0.65184271,36,456
85ab,1702061958623797,0.98184109,6.2424178,0.38783246,13,461
da02,1702061959124355,6.1545672,0.82742482,0.64999342,33,466
85ab,1702061959623796,0.99842125,6.2629609,0.38489139,13,471
da02,1702061960123805,6.1531911,0.82263851,0.64076406,33,476
85ab,1702061960623804,0.99973321,6.2686143,0.38190553,13,481
da02,1702061961124431,6.1554937,0.81410986,0.63060158,32,486
85ab,1702061961623808,0.99277669,6.2891264,0.37236178,12,491
da02,1702061962123834,6.1641188,0.80773818,0.62523025,32,496
85ab,1702061962623038,0.99076343,6.2820387,0.37780991,13,501
da02,1702061963122975,6.1490383,0.83170807,0.60509396,30,506
85ab,1702061963623810,0.98821425,6.2709928,0.37936112,14,511
da02,1702061964124590,6.13657,0.8278681,0.61556423,35,516
85ab,1702061964623748,0.9667514,6.2704215,0.36550927,11,521
da02,1702061965124285,6.1436062,0.82633156,0.6130408,32,526
85ab,1702061965623816,0.96833736,6.2576661,0.37771606,14,531
da02,1702061966123807,6.1495318,0.80882818,0.61840028,34,536
85ab,1702061966623834,0.96380526,6.2695751,0.3703118,12,541
da02,1702061967123840,6.1423593,0.80329382,0.61605066,33,546
85ab,1702061967623877,0.96724635,6.2680812,0.3738707,13,551
da02,1702061968123036,6.1622286,0.78307831,0.65902668,38,556
85ab,1702061968623011,0.96111912,6.2614884,0.37860069,13,561
da02,1702061969123818,6.1654654,0.79102367,0.665391,34,566
85ab,1702061969623836,0.95110965,6.2519484,0.37742025,13,571
da02,1702061970123846,6.1565433,0.799825,0.6665976,35,576
85ab,1702061970623822,0.957816,6.2422791,0.37555337,14,581
da02,1702061971123829,6.1666532,0.77947533,0.67106032,35,586
85ab,1702061971623773,0.9637655,6.2602262,0.382169,13,591
da02,1702061972124399,6.1769977,0.78236645,0.67454106,34,596
85ab,1702061972623797,0.96000141,6.2416887,0.38514924,14,601
da02,1702061973123906,6.1506443,0.79966557,0.64979285,33,606
85ab,1702061973623084,0.96081018,6.2418489,0.38253415,13,611
da02,1702061974123019,6.140347,0.8238008,0.58646375,25,616
85ab,1702061974624423,0.95928913,6.22956,0.38004985,14,621
da02,1702061975123832,6.1582503,0.81561059,0.61025721,34,626
85ab,1702061975623794,0.95232904,6.2397666,0.37022024,12,631
da02,1702061976123874,6.1504722,0.82321578,0.59398407,30,636
85ab,1702061976623862,0.94958919,6.273149,0.36262178,11,641
da02,1702061977123856,6.1459384,0.82558405,0.62817127,37,646
85ab,1702061977623883,0.946481,6.267684,0.36202702,13,651
da02,1702061978123833,6.158762,0.80566382,0.66618633,38,656
85ab,1702061978623838,0.95604163,6.2648363,0.37044454,13,661
da02,1702061979123270,6.1333313,0.81778407,0.629024,31,666
85ab,1702061979623062,0.95679909,6.273695,0.36222333,12,671
da02,1702061980124502,6.1416149,0.80374181,0.62627029,33,676
85ab,1702061980623901,0.96274096,6.2692142,0.36611584,13,681
da02,1702061981123816,6.1447349,0.79125851,0.63740069,35,686
85ab,1702061981623818,0.96084,6.2676744,0.35356936,12,691
da02,1702061982123826,6.1501904,0.797468,0.6627748,36,696
85ab,1702061982623888,0.95196205,6.272397,0.35769489,12,701
da02,1702061983124518,6.1452026,0.81001306,0.65537828,33,706
85ab,1702061983623975,0.95223516,6.2630615,0.36280394,13,711
da02,1702061984124004,6.140008,0.82979643,0.62661391,30,716
85ab,1702061984623256,0.95030606,6.2919574,0.35044059,11,721
da02,1702061985123100,6.1357284,0.8320384,0.64544255,36,726
85ab,1702061985624428,0.962481,6.3041697,0.35922265,12,731
da02,1702061986123897,6.1345234,0.84129423,0.64134759,33,736
85ab,1702061986623907,0.9705745,6.2873082,0.36986566,14,741
da02,1702061987125606,6.1437097,0.83691585,0.65396684,34,746
85ab,1702061987623831,0.980581,6.2121067,0.40774354,66,751
da02,1702061988123872,6.1405096,0.82255584,0.63822484,33,756
85ab,1702061988623862,0.97837251,6.2242742,0.40287623,13,761
da02,1702061989124019,6.14864,0.82437831,0.61796325,30,766
85ab,1702061989624055,0.98755234,6.2187486,0.40539795,15,771
da02,1702061990124171,6.1397986,0.82132685,0.58958846,30,776
85ab,1702061990623114,0.9836868,6.2066884,0.40121785,14,781
da02,1702061991124514,6.1392736,0.8102634,0.6109696,35,786
85ab,1702061991624007,0.98971242,6.2321773,0.39680117,13,791
da02,1702061992123998,6.140461,0.82105076,0.58543485,29,796
85ab,1702061992623992,0.98626792,6.2349739,0.40070948,14,801
da02,1702061993124023,6.1358891,0.82419324,0.57030195,30,806
85ab,1702061993624028,0.97361505,6.2586346,0.38544729,11,811
da02,1702061994124522,6.1339059,0.8296085,0.58796519,33,816
85ab,1702061994623998,0.97709924,6.2573442,0.38993061,14,821
da02,1702061995123160,6.1356792,0.84103429,0.595131,32,826
85ab,1702061995624027,0.97806597,6.24214,0.38409284,14,831
da02,1702061996124529,6.1338744,0.81879121,0.62120914,37,836
85ab,1702061996624024,0.97798479,6.2417688,0.38215861,13,841
da02,1702061997123995,6.1278777,0.84596765,0.5905692,28,846
85ab,1702061997623888,0.97250295,6.2414904,0.37830183,13,851
da02,1702061998123997,6.1414433,0.82825905,0.59548014,32,856
85ab,1702061998624057,0.96906352,6.2373657,0.38247937,14,861
da02,1702061999124082,6.1352158,0.83599287,0.61918646,35,866
85ab,1702061999624050,0.96840739,6.2398663,0.37373114,13,871
da02,1702062000124079,6.1459665,0.820778,0.61776263,32,876